00000003 860 844 -0.200179
00000003 804 980 -0.564
00000003 588 724 -0.576773
00000003 980 652 -0.582425
00000003 526 625 -0.673064
00000003 932 997 -0.71364
00000003 844 840 -0.732901
00000003 794 362 -0.738064
00000003 436 708 -0.810746
00000003 398 767 -0.829641
00000003 908 968 -0.832304
00000003 438 773 -0.840391
00000003 772 4 -0.856355
00000003 853 784 -0.941363
00000003 712 110 -0.972231
00000003 516 736 -0.991768
00000003 484 767 -1.02359
00000014 381 638 0.105047
00000014 572 500 -0.938631
00000036 392 204 1.82854
00000036 321 244 0.725108
00000036 456 804 0.168296
00000036 462 822 -0.6882
00000036 385 944 -0.880418
00000036 420 764 -0.888958
00000036 398 926 -0.902141
00000036 344 326 -1.00813
00000059 860 870 1.30269
00000059 794 822 0.770305
00000059 836 828 0.767758
00000059 670 928 0.599092
00000059 944 36 0.465942
00000059 818 258 0.301938
00000059 792 54 0.229399
00000059 569 500 0.0235725
00000059 978 27 -0.0669908
00000059 571 389 -0.0772285
00000059 786 253 -0.137184
00000059 644 876 -0.159979
00000059 852 860 -0.261459
00000059 585 359 -0.527015
00000059 810 240 -0.575315
00000059 572 468 -0.590312
00000059 758 840 -0.611652
00000059 484 282 -0.658807
00000059 569 427 -0.734688
00000059 832 231 -0.735206
00000059 767 51 -0.756212
00000059 813 41 -0.857955
00000059 660 924 -0.95112
00000059 324 1004 -0.967215
00000059 979 211 -1.01626
00000059 956 227 -1.032
00000059 508 220 -1.04351
00000064 677 30 1.33303
00000064 918 501 0.945066
00000064 656 28 0.275507
00000064 768 412 -0.0651942
00000064 454 565 -0.151204
00000064 576 901 -0.431258
00000064 427 986 -0.457398
00000064 748 948 -0.505386
00000064 418 960 -0.555003
00000064 776 413 -0.614385
00000064 475 960 -0.617125
00000064 578 878 -0.653441
00000064 5 844 -0.687223
00000064 988 60 -0.73231
00000064 916 492 -0.861346
00000064 469 976 -0.947717
00000069 260 676 -0.253846
00000069 73 723 -0.366233
00000069 459 606 -0.468739
00000069 518 638 -0.687522
00000069 311 849 -0.715896
00000069 452 604 -0.791587
00000069 951 629 -0.903145
00000069 509 601 -0.914866
00000069 504 876 -0.937141
00000069 511 923 -0.961092
00000069 142 448 -0.974154
00000069 206 813 -0.987663
00000075 771 776 0.304034
00000075 950 891 -0.456429
00000075 930 891 -0.757384
00000075 956 564 -0.931771
00000075 969 528 -0.972278
00000075 964 870 -0.973265
00000075 768 812 -0.974789
00000078 930 420 0.462582
00000078 923 376 0.237563
00000078 740 164 0.141372
00000078 853 68 0.0232658
00000078 973 784 -0.147368
00000078 724 204 -0.339236
00000078 681 235 -0.606991
00000078 852 312 -0.678451
00000078 853 381 -0.791777
00000078 823 295 -0.794223
00000078 786 432 -0.801938
00000078 758 493 -0.966674
00000078 733 192 -1.04688
00000085 415 986 1.54059
00000085 892 540 1.24849
00000085 517 728 1.22313
00000085 754 844 0.940421
00000085 460 44 0.755146
00000085 764 388 0.652887
00000085 473 960 0.609485
00000085 564 427 0.605346
00000085 844 583 0.280034
00000085 388 620 0.203976
00000085 444 212 0.1336
00000085 353 652 0.110044
00000085 107 801 -0.344094
00000085 544 655 -0.349654
00000085 776 491 -0.430351
00000085 381 81 -0.473547
00000085 775 791 -0.651807
00000085 638 749 -0.675323
00000085 64 78 -0.680903
00000085 501 395 -0.711942
00000085 629 960 -0.73993
00000085 374 638 -0.744897
00000085 636 220 -0.74919
00000085 868 132 -0.781965
00000085 115 848 -0.821611
00000085 148 636 -0.821687
00000085 415 690 -0.827663
00000085 433 668 -0.877658
00000085 896 115 -0.887425
00000085 748 832 -0.88981
00000085 807 870 -0.893377
00000085 427 253 -0.896014
00000085 932 344 -0.958165
00000085 228 172 -0.967231
00000085 107 42 -0.96832
00000085 785 914 -0.99103
00000085 620 460 -0.991886
00000085 796 501 -1.00511
00000085 519 794 -1.01741
00000085 585 295 -1.0259
00000085 150 814 -1.03561
00000085 570 703 -1.0396
00000085 628 336 -1.04234
00000085 252 578 -1.04899
00000094 956 175 -0.108821
00000094 150 137 -0.417608
00000094 124 236 -0.51728
00000094 892 124 -0.651053
00000094 105 326 -0.826202
00000094 184 870 -0.88984
00000094 142 172 -0.95147
00000094 68 516 -0.97095
00000094 878 68 -0.978881
00000094 932 951 -0.990714
00000100 659 364 0.00544008
00000100 965 105 -0.656822
00000100 934 179 -0.729845
00000100 891 137 -0.767412
00000100 692 292 -0.78655
00000100 868 13 -0.814046
00000100 601 335 -0.82283
00000100 785 32 -0.836257
00000100 269 585 -0.851508
00000100 923 36 -0.852428
00000100 860 84 -0.866584
00000100 913 72 -0.870559
00000100 852 108 -0.900087
00000100 822 18 -0.926434
00000100 566 837 -0.965569
00000100 546 289 -1.00137
00000100 500 252 -1.00408
00000100 970 142 -1.01017
00000100 910 157 -1.02098
00000119 944 180 0.596572
00000119 664 218 0.554416
00000119 1001 785 0.509138
00000119 831 978 0.257531
00000119 724 12 0.110527
00000119 891 940 0.0988276
00000119 620 540 -0.248571
00000119 524 52 -0.331002
00000119 511 110 -0.415569
00000119 708 244 -0.422109
00000119 711 4 -0.479901
00000119 754 422 -0.520442
00000119 517 73 -0.53739
00000119 680 992 -0.567344
00000119 564 980 -0.593086
00000119 916 444 -0.691919
00000119 578 145 -0.713385
00000119 543 237 -0.779648
00000119 372 621 -0.812329
00000119 996 484 -0.915981
00000119 748 180 -0.944771
00000119 744 996 -0.999696
00000119 553 231 -1.00575
00000130 444 156 0.32793
00000130 416 163 -0.364023
00000141 404 140 1.45878
00000141 271 147 1.15049
00000141 473 248 0.879613
00000141 600 595 0.192107
00000141 584 572 0.11398
00000141 788 44 -0.0114296
00000141 308 948 -0.0563425
00000141 516 256 -0.152095
00000141 664 689 -0.390745
00000141 241 704 -0.439334
00000141 388 32 -0.465905
00000141 320 960 -0.667774
00000141 244 981 -0.739128
00000141 620 548 -0.812617
00000141 246 477 -0.866841
00000141 565 813 -0.88296
00000141 780 424 -0.905591
00000141 660 780 -0.928798
00000141 1012 620 -0.932136
00000141 871 103 -0.932395
00000141 188 572 -0.967244
00000141 527 527 -0.999021
00000141 311 717 -1.0255
00000141 188 64 -1.03278
00000144 613 608 0.976672
00000144 630 574 -0.576392
00000144 758 133 -0.62536
00000144 764 772 -0.913633
00000144 578 531 -0.963007
00000144 960 87 -0.977622
00000144 930 158 -0.980948
00000171 344 390 1.97289
00000171 321 493 1.45354
00000171 220 20 0.22464
00000171 374 501 -0.222296
00000171 234 546 -0.487229
00000171 670 100 -0.524178
00000171 68 327 -0.543502
00000171 500 308 -0.573055
00000171 604 896 -0.638029
00000171 733 34 -0.715748
00000171 21 282 -0.746931
00000171 174 474 -0.783847
00000171 307 464 -0.839987
00000171 647 183 -0.850107
00000171 714 123 -0.897244
00000171 818 120 -0.926881
00000171 160 454 -0.943655
00000171 585 379 -0.97477
00000171 732 828 -1.00407
00000171 664 192 -1.02749
00000177 408 260 0.594464
00000177 64 344 0.317999
00000177 326 399 -0.490854
00000177 235 291 -0.609224
00000177 438 279 -0.624632
00000177 390 50 -0.682453
00000177 578 47 -0.735008
00000177 644 116 -0.814439
00000177 412 440 -0.888409
00000177 210 484 -1.01158
00000177 225 418 -1.02923
00000177 595 535 -1.039
00000183 123 674 1.09006
00000183 321 522 0.89528
00000183 484 824 0.510531
00000183 427 617 0.337481
00000183 317 822 -0.0031457
00000183 305 989 -0.286281
00000183 298 560 -0.376449
00000183 169 813 -0.445431
00000183 184 750 -0.462015
00000183 433 595 -0.527977
00000183 4 816 -0.561897
00000183 673 381 -0.713715
00000183 171 930 -0.725896
00000183 794 785 -0.795322
00000183 81 775 -0.809976
00000183 164 796 -0.901476
00000183 268 620 -0.940374
00000183 5 110 -0.9663
00000183 810 450 -1.02422
00000200 271 385 0.777646
00000200 372 368 0.700481
00000200 509 454 0.246353
00000200 433 231 -0.548058
00000200 464 500 -0.643786
00000200 321 141 -0.651001
00000200 492 588 -0.765597
00000200 492 548 -0.802311
00000200 980 604 -0.829893
00000200 4 390 -0.966675
00000200 338 51 -1.04892
00000202 750 660 -0.192692
00000202 960 601 -0.449662
00000202 741 634 -0.603153
00000202 741 647 -0.708187
00000202 988 244 -0.744228
00000202 724 570 -0.759769
00000202 932 852 -0.875991
00000202 997 385 -0.889576
00000217 510 595 0.0678681
00000217 794 542 0.0605569
00000217 763 659 -0.111489
00000217 520 516 -0.419592
00000217 724 664 -0.749189
00000217 212 180 -0.819348
00000217 512 615 -0.82234
00000217 72 218 -0.85839
00000217 652 300 -1.038
00000217 359 556 -1.04623
00000245 320 216 0.397651
00000245 877 955 0.381036
00000245 291 175 0.367504
00000245 172 965 -0.594188
00000245 4 316 -0.844517
00000245 78 454 -0.844532
00000245 964 930 -0.844706
00000245 625 448 -0.894206
00000245 860 828 -0.902977
00000245 142 969 -0.925696
00000245 604 260 -0.9398
00000245 908 980 -0.946148
00000245 169 4 -0.990724
00000245 948 804 -1.03236
00000246 654 768 0.734819
00000246 507 610 0.589555
00000246 441 300 -0.0240922
00000246 601 762 -0.0441308
00000246 854 5 -0.107107
00000246 638 200 -0.135927
00000246 300 738 -0.216193
00000246 476 968 -0.251997
00000246 735 473 -0.639638
00000246 621 347 -0.841145
00000246 436 268 -0.916742
00000246 490 469 -0.937872
00000246 647 111 -0.939232
00000246 680 654 -0.943265
00000246 520 588 -0.979949
00000255 164 376 0.722299
00000255 475 544 -0.487532
00000255 441 445 -0.760533
00000255 860 628 -0.779623
00000255 935 792 -0.900715
00000255 428 132 -1.04985
00000273 321 102 2.1111
00000273 321 68 0.367744
00000273 260 120 0.0699462
00000273 332 168 0.0369248
00000273 308 340 -0.398574
00000273 444 940 -0.429744
00000273 300 36 -0.51972
00000273 797 4 -0.559845
00000273 524 4 -0.678958
00000273 849 775 -0.733701
00000273 556 212 -0.753739
00000273 438 406 -0.809181
00000273 475 497 -0.860763
00000273 411 30 -0.923553
00000273 353 158 -0.940626
00000273 733 786 -0.990257
00000273 724 752 -0.997969
00000273 896 724 -0.999752
00000273 588 300 -1.0113
00000304 681 728 1.71408
00000304 201 773 1.28714
00000304 987 284 1.05806
00000304 251 462 0.180216
00000304 312 124 0.177214
00000304 932 248 0.117533
00000304 412 724 0.0198668
00000304 578 441 -0.0815831
00000304 891 163 -0.171954
00000304 763 389 -0.372307
00000304 749 353 -0.392055
00000304 38 844 -0.485483
00000304 372 340 -0.525658
00000304 818 269 -0.533811
00000304 572 348 -0.594633
00000304 684 487 -0.656304
00000304 660 304 -0.755951
00000304 380 868 -0.757124
00000304 332 36 -0.803576
00000304 412 688 -0.843451
00000304 585 438 -0.843675
00000304 887 231 -0.934184
00000304 764 448 -0.934654
00000304 306 131 -0.935157
00000304 20 756 -0.954972
00000304 741 347 -0.955357
00000304 407 312 -0.959706
00000304 422 41 -0.963796
00000304 908 270 -0.967244
00000304 276 316 -0.985203
00000304 615 162 -1.02333
00000304 212 488 -1.02913
00000310 284 796 -0.404495
00000310 904 424 -0.592362
00000310 926 475 -0.903097
00000310 844 276 -0.941136
00000310 304 92 -1.01481
00000310 234 661 -1.02751
00000310 418 684 -1.03551
00000313 733 647 0.313458
00000313 723 728 0.00850084
00000313 716 720 -0.34385
00000313 832 588 -0.515928
00000313 733 556 -0.702337
00000313 454 767 -0.734975
00000313 324 392 -0.799026
00000313 660 620 -0.847207
00000313 444 164 -0.901678
00000313 304 998 -0.904808
00000313 871 576 -0.906061
00000313 776 482 -0.933435
00000313 237 290 -0.949116
00000313 724 660 -1.02597
00000314 132 585 -0.352409
00000314 236 584 -0.516299
00000314 356 600 -0.611127
00000314 218 390 -0.78204
00000314 484 440 -0.8059
00000314 241 359 -0.849428
00000314 335 514 -0.908986
00000314 332 670 -0.977813
00000314 553 535 -0.978054
00000314 469 517 -1.01494
00000314 116 324 -1.02344
00000314 487 457 -1.04627
00000324 216 585 -0.111324
00000324 158 488 -0.279601
00000324 88 34 -0.447994
00000324 403 517 -0.497482
00000324 510 141 -0.545483
00000324 279 195 -0.601209
00000324 428 588 -0.722924
00000324 522 796 -0.761417
00000324 332 676 -0.782522
00000351 321 154 0.259737
00000351 304 282 0.091703
00000351 300 4 -1.00825
00000359 228 424 1.61807
00000359 355 604 0.787794
00000359 849 517 0.65567
00000359 364 643 0.411862
00000359 480 287 0.0667818
00000359 308 892 0.0188471
00000359 4 800 -0.142028
00000359 237 432 -0.218338
00000359 970 93 -0.27652
00000359 532 188 -0.317744
00000359 604 917 -0.357013
00000359 526 891 -0.423114
00000359 408 372 -0.477607
00000359 329 389 -0.554647
00000359 876 988 -0.572365
00000359 886 578 -0.573315
00000359 399 872 -0.645461
00000359 236 572 -0.664084
00000359 227 660 -0.664479
00000359 518 806 -0.6759
00000359 522 818 -0.677352
00000359 635 812 -0.712625
00000359 68 643 -0.717926
00000359 904 733 -0.721253
00000359 960 638 -0.730782
00000359 723 691 -0.733316
00000359 468 620 -0.741671
00000359 597 133 -0.743671
00000359 839 654 -0.748318
00000359 532 388 -0.761125
00000359 772 36 -0.78695
00000359 464 133 -0.805636
00000359 475 870 -0.813291
00000359 304 724 -0.814692
00000359 948 232 -0.820219
00000359 484 764 -0.851391
00000359 786 606 -0.861835
00000359 537 620 -0.879438
00000359 724 1012 -0.93451
00000359 473 482 -0.938488
00000359 708 684 -0.956577
00000359 936 644 -1.00524
00000359 240 716 -1.02044
00000359 408 180 -1.04663
00000362 694 973 1.08263
00000362 338 788 0.628757
00000362 100 328 -0.221446
00000362 994 184 -0.374496
00000362 540 944 -0.609108
00000362 399 326 -0.915175
00000362 284 112 -0.927053
00000362 546 330 -0.932753
00000362 103 935 -0.934367
00000362 396 944 -1.00993
00000362 1004 452 -1.03049
00000368 721 119 1.82731
00000368 237 949 1.4604
00000368 406 559 0.539294
00000368 733 765 0.402706
00000368 476 952 0.379916
00000368 604 763 0.220412
00000368 220 396 -0.263264
00000368 220 960 -0.512174
00000368 84 580 -0.545984
00000368 733 750 -0.774478
00000368 895 914 -0.780615
00000368 290 389 -0.927858
00000368 744 110 -0.978766
00000368 128 172 -0.986404
00000368 632 668 -1.02113
00000368 124 557 -1.02933
00000375 445 997 0.281796
00000375 692 996 -0.0149496
00000375 613 214 -0.0443775
00000375 492 216 -0.173319
00000375 372 80 -0.182096
00000375 979 68 -0.348444
00000375 450 977 -0.533298
00000375 280 88 -0.545291
00000375 321 79 -0.600941
00000375 616 68 -0.65955
00000375 638 72 -0.80732
00000375 716 335 -0.947018
00000375 596 253 -0.972931
00000375 578 951 -1.00041
00000375 490 290 -1.03154
00000375 477 78 -1.03528
00000375 636 144 -1.03902
00000384 886 36 0.949841
00000384 956 40 -0.793068
00000384 923 216 -0.838521
00000384 775 72 -0.840289
00000384 884 28 -0.915471
00000401 152 531 0.279847
00000401 956 368 -0.352681
00000401 113 576 -0.547206
00000401 657 225 -0.631231
00000401 58 448 -0.696087
00000401 83 541 -0.698797
00000401 980 420 -0.705044
00000401 822 68 -1.00521
00000401 142 349 -1.01422
00000401 197 317 -1.04564
00000407 884 936 2.19729
00000407 721 827 0.815952
00000407 700 808 0.519004
00000407 998 338 0.238275
00000407 960 359 -0.191801
00000407 818 142 -0.285635
00000407 628 512 -0.403787
00000407 987 404 -0.667521
00000407 810 848 -0.838146
00000407 681 514 -0.881376
00000407 68 431 -0.888922
00000407 820 380 -0.915114
00000407 652 452 -0.949343
00000407 944 422 -0.976927
00000407 694 310 -1.03445
00000407 870 427 -1.03784
00000408 188 326 1.67205
00000408 201 197 0.869334
00000408 188 600 0.243961
00000408 482 670 -0.161632
00000408 537 376 -0.199537
00000408 399 643 -0.225142
00000408 188 568 -0.3042
00000408 526 650 -0.343848
00000408 141 625 -0.36073
00000408 561 574 -0.36561
00000408 232 860 -0.390906
00000408 459 643 -0.680615
00000408 100 68 -0.722211
00000408 332 12 -0.819764
00000408 490 5 -0.834735
00000408 724 377 -0.947164
00000408 225 105 -0.983686
00000429 831 45 1.78358
00000429 876 124 0.641559
00000429 4 177 0.252713
00000429 100 511 0.0705022
00000429 169 4 -0.00638968
00000429 212 4 -0.234813
00000429 408 712 -0.245424
00000429 828 940 -0.377869
00000429 690 973 -0.41833
00000429 218 523 -0.495946
00000429 307 252 -0.53342
00000429 996 216 -0.577765
00000429 744 63 -0.648621
00000429 913 395 -0.653518
00000429 4 288 -0.667235
00000429 684 941 -0.829935
00000429 132 720 -0.846673
00000429 260 290 -0.8691
00000429 651 998 -0.874613
00000429 270 748 -0.914857
00000429 750 4 -0.918325
00000429 93 369 -0.925665
00000429 638 133 -0.931892
00000429 715 192 -0.933245
00000429 668 288 -0.935842
00000429 866 4 -0.936442
00000429 349 768 -0.951241
00000429 924 288 -0.962275
00000429 36 511 -0.966614
00000429 836 916 -0.97226
00000429 828 955 -1.01296
00000429 235 827 -1.02574
00000429 804 179 -1.03405
00000429 998 767 -1.04527
00000441 490 263 0.810361
00000441 540 296 0.640722
00000441 307 353 -0.227808
00000441 428 418 -0.266042
00000441 604 348 -0.456444
00000441 908 392 -0.503138
00000441 284 420 -0.656009
00000441 20 284 -0.793197
00000487 891 723 -0.294838
00000487 788 820 -0.492067
00000487 764 772 -0.516224
00000487 457 34 -0.553486
00000487 860 818 -0.601822
00000487 744 828 -0.615355
00000487 364 343 -0.723304
00000487 773 782 -0.785227
00000487 733 767 -0.808866
00000487 730 785 -0.871035
00000487 724 820 -0.884386
00000487 693 794 -0.896888
00000495 647 210 0.312987
00000495 408 762 -0.469492
00000495 407 150 -0.761534
00000495 396 780 -0.875488
00000495 344 50 -1.00038
00000496 921 55 -0.332029
00000496 895 496 -0.603424
00000496 986 876 -0.610574
00000496 860 168 -0.719563
00000496 892 128 -0.827156
00000496 868 376 -0.851466
00000496 948 1012 -0.895963
00000496 923 765 -0.955755
00000499 739 964 1.20168
00000499 767 994 -0.0262276
00000499 291 192 -0.335607
00000499 723 796 -0.419945
00000499 52 180 -0.689355
00000499 587 981 -0.708823
00000499 964 390 -0.717884
00000499 704 398 -0.76172
00000499 300 772 -0.845931
00000499 554 944 -0.880598
00000499 699 487 -0.947884
00000499 445 905 -0.968071
00000499 524 1004 -0.984813
00000499 955 753 -0.990977
00000499 96 280 -0.995978
00000499 827 827 -1.01997
00000499 290 605 -1.03189
00000500 861 853 0.157679
00000500 372 693 -0.0767295
00000500 300 891 -0.219682
00000500 956 740 -0.238273
00000500 868 758 -0.510378
00000500 844 673 -0.511695
00000500 343 786 -0.523066
00000500 476 780 -0.561317
00000500 491 693 -0.578324
00000500 891 802 -0.581788
00000500 884 960 -0.603532
00000500 295 707 -0.704379
00000500 251 4 -0.721131
00000500 376 941 -0.77723
00000500 218 467 -0.818474
00000500 920 704 -0.820042
00000500 997 712 -0.826395
00000500 441 810 -0.845091
00000500 160 78 -0.883811
00000500 356 692 -0.890274
00000500 852 948 -0.913565
00000500 698 651 -0.91818
00000506 537 753 0.749731
00000506 326 914 0.378377
00000506 955 923 0.338606
00000506 355 904 0.289907
00000506 592 629 0.236806
00000506 500 316 0.0450388
00000506 740 576 0.0270957
00000506 326 330 0.0210929
00000506 895 758 -0.0432459
00000506 638 111 -0.0911397
00000506 704 595 -0.150147
00000506 148 988 -0.232241
00000506 412 716 -0.289758
00000506 625 748 -0.333843
00000506 804 937 -0.42856
00000506 227 282 -0.465337
00000506 580 84 -0.47427
00000506 702 946 -0.493584
00000506 657 192 -0.518361
00000506 764 1000 -0.538805
00000506 444 724 -0.539891
00000506 347 887 -0.634296
00000506 960 827 -0.66296
00000506 647 475 -0.74316
00000506 182 960 -0.746175
00000506 380 36 -0.750094
00000506 608 724 -0.761938
00000506 861 17 -0.769298
00000506 780 604 -0.795283
00000506 561 201 -0.809941
00000506 326 41 -0.835806
00000506 252 192 -0.838506
00000506 884 196 -0.851617
00000506 621 797 -0.86481
00000506 444 16 -0.870188
00000506 554 765 -0.897066
00000506 317 147 -0.897745
00000506 537 514 -0.908218
00000506 776 362 -0.923379
00000506 771 390 -0.956618
00000506 290 923 -0.959773
00000506 580 588 -0.979198
00000506 396 244 -0.988064
00000506 716 252 -1.01692
00000510 566 625 0.36385
00000510 100 444 0.346755
00000510 753 960 0.265819
00000510 956 943 0.0785559
00000510 666 519 -0.0470618
00000510 108 792 -0.0724847
00000510 660 748 -0.192434
00000510 852 676 -0.224803
00000510 484 560 -0.351367
00000510 280 629 -0.433829
00000510 412 540 -0.535485
00000510 676 356 -0.721243
00000510 572 608 -0.743287
00000510 13 500 -0.745004
00000510 98 457 -0.88112
00000510 846 930 -0.949668
00000510 4 973 -0.957054
00000510 454 771 -0.96073
00000527 473 358 1.79889
00000527 84 332 0.924228
00000527 940 4 0.582414
00000527 786 5 0.443597
00000527 60 772 -0.40161
00000527 54 364 -0.445891
00000527 970 339 -0.554227
00000527 951 234 -0.586266
00000527 290 94 -0.648596
00000527 880 148 -0.67201
00000527 791 311 -0.725409
00000527 317 542 -0.727278
00000527 796 110 -0.859943
00000527 780 192 -0.874397
00000527 204 4 -0.933596
00000527 364 600 -0.937386
00000527 964 156 -0.966117
00000527 940 453 -0.994374
00000527 40 820 -1.01568
00000527 450 407 -1.03432
00000527 801 394 -1.04235
00000531 340 112 0.46771
00000531 348 140 0.298978
00000531 441 372 0.237425
00000531 964 80 -0.0986558
00000531 211 443 -0.399808
00000531 110 469 -0.45737
00000531 116 148 -0.721339
00000531 22 578 -0.75665
00000531 87 578 -0.778761
00000531 804 151 -0.804563
00000531 308 144 -0.817369
00000531 4 537 -0.825965
00000531 30 244 -0.829258
00000531 450 433 -0.851247
00000531 445 482 -0.898696
00000531 152 536 -0.899775
00000531 48 988 -0.91054
00000531 52 532 -0.948828
00000531 292 300 -1.00547
00000531 228 220 -1.02525
00000531 211 842 -1.02747
00000541 351 458 0.780051
00000541 555 895 0.52279
00000541 664 467 -0.0780908
00000541 315 448 -0.30746
00000541 615 654 -0.491399
00000541 537 932 -0.722268
00000541 287 458 -0.770997
00000541 374 791 -0.846015
00000541 564 624 -0.885809
00000541 580 436 -0.910743
00000541 388 804 -0.964296
00000541 568 524 -1.01973
00000557 324 308 0.969674
00000557 438 24 -0.564539
00000561 754 891 1.29566
00000561 231 610 -0.18069
00000561 721 932 -0.248314
00000561 300 596 -0.260344
00000561 740 900 -0.366472
00000561 733 306 -0.500827
00000561 380 648 -0.53869
00000561 793 707 -0.555405
00000561 532 944 -0.650136
00000561 73 221 -0.696587
00000561 4 454 -0.774406
00000561 477 859 -0.83272
00000561 381 433 -0.90872
00000561 100 132 -0.948912
00000561 680 881 -0.96707
00000561 764 880 -0.98245
00000575 796 258 0.575826
00000575 511 89 -0.400585
00000575 564 168 -0.429421
00000575 596 200 -0.663075
00000575 508 172 -0.693704
00000575 543 100 -0.697624
00000575 501 184 -0.828506
00000575 468 256 -0.904712
00000575 724 372 -0.959834
00000577 34 73 1.03693
00000577 160 799 0.874368
00000577 169 854 0.457131
00000577 176 892 0.0588263
00000577 707 998 -0.241411
00000577 868 831 -0.371794
00000577 60 148 -0.519767
00000577 87 197 -0.641634
00000577 988 932 -0.666046
00000577 196 596 -0.716787
00000577 192 733 -0.809587
00000577 578 227 -0.848873
00000577 156 611 -0.907922
00000577 32 116 -0.918877
00000577 63 174 -0.960523
00000577 201 359 -0.969398
00000577 28 64 -1.03912
00000586 720 372 1.96996
00000586 908 804 0.130065
00000586 588 876 -0.248445
00000586 940 996 -0.273928
00000586 916 492 -0.62751
00000586 920 664 -0.789187
00000586 728 4 -0.862129
00000586 895 905 -0.864881
00000586 920 44 -0.877807
00000586 923 438 -0.956658
00000586 891 251 -1.02086
00000586 920 192 -1.04041
00000586 920 270 -1.0484
00000599 849 799 0.55621
00000599 165 68 0.453943
00000599 987 362 0.282242
00000599 216 73 0.0962218
00000599 876 892 -0.0749022
00000599 192 994 -0.216348
00000599 310 664 -0.249567
00000599 733 488 -0.370575
00000599 743 300 -0.394085
00000599 152 778 -0.499393
00000599 765 284 -0.641012
00000599 989 280 -0.666018
00000599 225 652 -0.679452
00000599 644 780 -0.702392
00000599 840 796 -0.702647
00000599 284 664 -0.721017
00000599 979 265 -0.769472
00000599 172 659 -0.85394
00000599 992 332 -0.896064
00000599 509 473 -0.906879
00000599 343 654 -0.917692
00000599 105 5 -0.917714
00000599 527 12 -0.971043
00000599 77 184 -0.974658
00000599 168 237 -0.987344
00000599 675 353 -1.03803
00000605 892 680 1.71462
00000605 895 404 0.666891
00000605 876 596 0.0575993
00000605 886 349 0.0252032
00000605 574 4 -0.301276
00000605 884 620 -0.539342
00000605 30 844 -0.734322
00000605 258 73 -0.769581
00000605 329 906 -0.87253
00000605 707 353 -0.878013
00000605 827 728 -0.916386
00000605 892 96 -0.916733
00000605 816 508 -0.929616
00000605 420 980 -0.991545
00000605 225 408 -0.997808
00000605 252 675 -1.01372
00000605 923 133 -1.03066
00000605 196 940 -1.03122
00000608 908 164 1.87553
00000608 804 256 0.483203
00000608 395 395 0.231766
00000608 566 44 0.159367
00000608 300 379 0.0219093
00000608 192 379 0.00864708
00000608 630 171 -0.0410882
00000608 441 484 -0.0789018
00000608 555 546 -0.17352
00000608 810 295 -0.173991
00000608 748 172 -0.301876
00000608 629 114 -0.405054
00000608 588 300 -0.405807
00000608 518 368 -0.436908
00000608 561 338 -0.441814
00000608 180 104 -0.627423
00000608 298 234 -0.633849
00000608 753 118 -0.640599
00000608 556 448 -0.684428
00000608 408 349 -0.707722
00000608 388 48 -0.721294
00000608 612 220 -0.736611
00000608 406 63 -0.812475
00000608 201 344 -0.898035
00000608 497 34 -0.899199
00000608 404 372 -0.914437
00000608 326 64 -0.92698
00000608 320 320 -0.966681
00000608 892 60 -0.973326
00000608 192 192 -1.00971
00000608 763 278 -1.03829
00000609 951 395 1.94915
00000609 916 804 1.17322
00000609 970 251 0.943311
00000609 390 128 0.721173
00000609 418 526 0.308085
00000609 390 535 0.188097
00000609 389 78 0.184528
00000609 437 998 0.0813274
00000609 389 177 -0.157513
00000609 396 684 -0.18633
00000609 540 684 -0.232416
00000609 372 120 -0.262385
00000609 708 644 -0.291908
00000609 546 669 -0.340789
00000609 785 684 -0.420514
00000609 888 620 -0.472426
00000609 450 77 -0.474843
00000609 870 951 -0.492179
00000609 630 793 -0.554518
00000609 702 36 -0.584688
00000609 374 14 -0.606702
00000609 707 493 -0.627694
00000609 427 119 -0.679471
00000609 892 684 -0.683022
00000609 649 464 -0.705894
00000609 218 347 -0.711708
00000609 786 385 -0.726941
00000609 372 72 -0.727446
00000609 347 741 -0.733207
00000609 484 960 -0.739165
00000609 870 36 -0.795519
00000609 225 114 -0.799334
00000609 218 201 -0.805775
00000609 657 684 -0.889789
00000609 700 248 -0.900162
00000609 664 93 -0.901821
00000609 42 887 -0.905328
00000609 487 802 -0.908649
00000609 390 670 -0.920058
00000609 796 316 -0.939109
00000609 870 4 -0.939293
00000609 842 359 -0.944192
00000609 4 516 -0.950412
00000609 389 842 -0.971198
00000609 473 27 -0.990651
00000609 688 244 -0.993555
00000609 452 172 -1.01508
00000609 977 784 -1.01788
00000609 712 659 -1.02242
00000609 468 224 -1.02365
00000609 248 464 -1.02389
00000609 500 528 -1.0257
00000609 923 237 -1.03109
00000609 932 104 -1.04213
00000613 910 88 2.06083
00000613 59 137 1.84934
00000613 664 111 1.04178
00000613 842 118 0.694577
00000613 621 372 0.636817
00000613 921 115 0.57203
00000613 721 82 0.368213
00000613 720 801 0.297598
00000613 940 265 0.208917
00000613 740 964 -0.39625
00000613 628 374 -0.536208
00000613 794 110 -0.666213
00000613 676 1004 -0.716949
00000613 941 229 -0.842181
00000613 804 500 -0.896816
00000613 406 649 -1.0118
00000627 167 711 0.98642
00000627 163 680 0.572885
00000627 422 680 -0.285283
00000627 408 354 -0.42319
00000627 204 16 -0.496982
00000627 158 754 -0.511245
00000627 180 420 -0.568856
00000627 226 823 -0.762942
00000627 796 765 -0.835164
00000627 404 332 -0.844388
00000627 132 192 -0.85799
00000627 192 4 -0.884665
00000627 137 5 -0.892653
00000627 164 4 -0.90334
00000627 4 827 -0.930938
00000627 72 175 -0.993057
00000627 27 611 -1.04579
00000632 420 724 0.369852
00000632 535 638 -0.349501
00000632 428 840 -0.433864
00000632 290 902 -0.862072
00000632 900 292 -0.914443
00000632 340 880 -0.968021
00000632 427 733 -1.0078
00000632 317 831 -1.0153
00000632 450 475 -1.02381
00000632 638 861 -1.03566
00000632 604 771 -1.04741
00000648 200 628 1.22955
00000648 136 124 0.739695
00000648 108 324 0.717227
00000648 211 153 0.348754
00000648 116 321 -0.25381
00000648 204 148 -0.870207
00000680 24 164 1.77086
00000680 91 289 0.132865
00000680 131 174 -0.263771
00000680 28 148 -0.367927
00000680 192 292 -0.576047
00000680 31 174 -0.580908
00000680 92 272 -0.593876
00000680 34 285 -0.881092
00000680 34 157 -1.02802
00000695 196 652 -0.00889545
00000695 427 802 -0.0974767
00000695 474 786 -0.235268
00000695 464 284 -0.512484
00000695 718 694 -0.575355
00000695 831 702 -0.604972
00000695 162 753 -0.613572
00000695 236 188 -0.669297
00000695 368 284 -0.698143
00000695 636 556 -0.792311
00000695 596 490 -0.824785
00000695 307 666 -0.887805
00000695 295 684 -0.902503
00000695 832 482 -1.03055
00000695 472 300 -1.03223
00000695 422 818 -1.0331
00000695 374 680 -1.04105
00000702 123 364 2.13522
00000702 524 556 1.94115
00000702 452 384 0.959628
00000702 501 358 0.820458
00000702 492 352 -0.338023
00000702 533 559 -0.942559
00000709 860 300 0.0472494
00000709 142 300 0.0194134
00000709 896 44 -0.0369276
00000709 368 372 -0.125646
00000709 778 4 -0.169838
00000709 4 165 -0.189781
00000709 960 381 -0.259757
00000709 716 300 -0.430952
00000709 500 876 -0.501455
00000709 556 860 -0.505284
00000709 420 116 -0.583562
00000709 516 300 -0.623
00000709 564 972 -0.633407
00000709 487 389 -0.648736
00000709 518 167 -0.663901
00000709 374 89 -0.671937
00000709 212 292 -0.695108
00000709 407 38 -0.724532
00000709 30 990 -0.725724
00000709 881 398 -0.729059
00000709 628 712 -0.745273
00000709 248 775 -0.750453
00000709 913 304 -0.750844
00000709 197 358 -0.758776
00000709 612 972 -0.837386
00000709 30 201 -0.86053
00000709 252 372 -0.866958
00000709 464 164 -0.875002
00000709 381 557 -0.889268
00000709 704 521 -0.975916
00000709 252 868 -0.999693
00000709 956 476 -1.03139
00000709 462 310 -1.04516
00000718 490 100 1.14458
00000718 490 5 -0.441469
00000718 476 100 -0.888159
00000739 492 800 -0.742072
00000739 836 998 -0.806654
00000739 156 464 -0.856983
00000739 524 808 -1.00205
00000753 733 110 -0.125963
00000759 634 501 1.5418
00000759 634 445 1.33253
00000759 625 561 1.14801
00000759 634 330 1.11795
00000759 621 613 1.01194
00000759 634 381 0.969852
00000759 467 51 0.734413
00000759 362 753 0.606992
00000759 561 694 0.384956
00000759 42 733 0.256597
00000759 188 80 -0.00333459
00000759 613 655 -0.176343
00000759 188 956 -0.196555
00000759 300 1013 -0.246167
00000759 395 754 -0.272073
00000759 400 20 -0.335039
00000759 156 28 -0.374788
00000759 364 28 -0.562523
00000759 633 617 -0.576648
00000759 172 748 -0.735129
00000759 188 704 -0.745227
00000759 195 965 -0.781275
00000759 48 716 -0.807692
00000759 452 60 -0.911039
00000759 420 852 -0.914241
00000759 412 740 -0.960083
00000759 398 723 -0.980852
00000760 60 132 -0.860075
00000763 932 257 1.04469
00000763 840 284 1.02348
00000763 877 689 -0.321791
00000763 804 724 -0.533169
00000763 804 572 -0.654011
00000763 884 564 -0.865888
00000763 780 700 -0.89688
00000763 910 334 -0.9349
00000767 840 624 0.595017
00000767 264 156 0.48003
00000767 167 120 -0.0183506
00000767 773 605 -0.0464352
00000767 884 640 -0.0770741
00000767 849 684 -0.478606
00000767 278 321 -0.550932
00000767 381 167 -0.608563
00000767 650 782 -0.647813
00000767 316 108 -0.826649
00000767 248 89 -0.970312
00000768 983 500 1.47016
00000768 818 643 1.18881
00000768 900 236 0.573854
00000768 368 956 0.351194
00000768 910 842 0.206012
00000768 278 977 -0.174421
00000768 543 971 -0.553068
00000768 907 237 -0.611229
00000768 940 624 -0.760793
00000768 532 972 -0.806619
00000768 860 390 -0.835067
00000768 505 960 -0.870378
00000768 895 597 -0.933631
00000768 4 955 -0.988896
00000768 128 896 -1.01297
00000768 881 823 -1.02986
00000785 158 227 0.581531
00000785 15 211 -0.32497
00000785 47 802 -0.563599
00000785 372 951 -0.598203
00000785 113 34 -0.61074
00000785 5 575 -0.734464
00000785 204 812 -0.766507
00000785 175 621 -0.775754
00000785 280 951 -0.903245
00000785 290 256 -0.90807
00000785 436 940 -0.987522
00000785 84 164 -1.00819
00000785 300 295 -1.02944
00000790 596 516 0.291665
00000790 690 205 -0.339507
00000790 585 280 -0.430891
00000790 73 585 -0.588161
00000790 754 416 -0.63834
00000790 544 505 -0.663743
00000790 876 268 -0.686617
00000790 192 347 -0.72027
00000790 625 921 -0.768978
00000790 782 359 -0.814686
00000790 753 551 -0.837912
00000790 464 298 -0.875961
00000790 115 47 -0.888849
00000790 741 47 -0.904144
00000790 839 543 -0.916316
00000790 828 552 -0.925563
00000790 100 628 -0.937676
00000790 235 364 -0.938004
00000790 941 551 -0.969804
00000790 454 532 -0.988428
00000790 786 401 -0.990926
00000802 236 204 1.36692
00000802 868 271 -0.169273
00000802 332 94 -0.290187
00000802 349 211 -0.517191
00000802 934 330 -0.549301
00000802 640 508 -0.60449
00000802 938 896 -0.615039
00000802 640 438 -0.673924
00000802 944 988 -0.691065
00000802 412 36 -0.762268
00000802 694 684 -0.808844
00000802 707 947 -0.819572
00000802 103 88 -0.841236
00000802 883 441 -0.845069
00000802 64 90 -0.859094
00000802 923 427 -0.896471
00000802 452 304 -0.941834
00000802 739 13 -0.981113
00000802 1004 988 -0.997229
00000802 68 151 -1.04501
00000805 739 307 1.43257
00000805 775 248 0.75192
00000805 572 620 0.660873
00000805 535 793 0.585395
00000805 592 565 0.542356
00000805 188 464 0.522601
00000805 628 540 -0.384317
00000805 15 327 -0.419223
00000805 141 990 -0.475363
00000805 792 704 -0.482307
00000805 543 786 -0.503928
00000805 278 372 -0.715772
00000805 716 496 -0.795161
00000805 4 160 -0.823752
00000805 753 280 -0.823832
00000805 243 739 -0.879324
00000805 698 677 -0.942229
00000805 654 236 -0.971703
00000805 496 732 -1.03794
00000805 636 732 -1.04647
00000810 444 280 1.38878
00000810 58 923 0.943205
00000810 956 248 0.182331
00000810 4 4 0.164289
00000810 4 990 -0.0186269
00000810 664 372 -0.0890784
00000810 700 180 -0.259526
00000810 452 900 -0.383416
00000810 583 477 -0.431526
00000810 554 527 -0.453988
00000810 604 444 -0.570221
00000810 595 360 -0.585918
00000810 782 561 -0.593955
00000810 570 493 -0.598873
00000810 476 908 -0.626533
00000810 464 756 -0.712768
00000810 5 612 -0.838741
00000810 972 428 -0.894956
00000810 4 743 -0.896076
00000810 839 416 -0.898316
00000810 572 436 -0.898858
00000810 965 253 -0.961025
00000810 660 348 -1.00409
00000810 605 78 -1.01008
00000810 389 497 -1.02689
00000810 308 764 -1.03637
00000813 381 859 0.965885
00000813 424 878 0.8661
00000813 381 712 0.683444
00000813 611 822 0.630017
00000813 996 612 -0.611918
00000813 4 901 -0.754991
00000813 544 4 -0.806223
00000813 4 870 -1.0434
00000839 252 527 1.63901
00000839 132 407 1.61634
00000839 404 292 1.43824
00000839 930 940 1.38707
00000839 712 716 -0.124277
00000839 21 184 -0.1796
00000839 416 300 -0.264195
00000839 566 901 -0.393558
00000839 141 570 -0.40893
00000839 4 802 -0.411994
00000839 878 767 -0.520955
00000839 372 924 -0.646269
00000839 868 580 -0.683767
00000839 153 438 -0.711827
00000839 44 404 -0.718267
00000839 32 657 -0.858778
00000839 175 64 -0.887263
00000839 812 876 -0.899377
00000839 645 694 -0.90049
00000839 934 490 -0.946546
00000839 924 924 -0.956144
00000839 188 584 -1.04949
00000843 998 883 1.6777
00000843 491 849 1.14545
00000843 343 971 0.663806
00000843 231 950 0.605884
00000843 868 880 0.238182
00000843 831 220 -0.183965
00000843 788 180 -0.219443
00000843 364 96 -0.226996
00000843 860 84 -0.303361
00000843 252 754 -0.387261
00000843 892 860 -0.412753
00000843 636 388 -0.549125
00000843 708 884 -0.573019
00000843 828 148 -0.603841
00000843 344 882 -0.629914
00000843 596 516 -0.630526
00000843 244 996 -0.630611
00000843 372 55 -0.640605
00000843 24 604 -0.657482
00000843 836 272 -0.706485
00000843 721 845 -0.728407
00000843 308 168 -0.816391
00000843 853 287 -0.838165
00000843 347 25 -0.871408
00000843 324 976 -0.976674
00000843 295 608 -0.977577
00000843 403 321 -1.01053
00000843 493 754 -1.04918
00000846 673 553 1.63685
00000846 756 96 -0.048534
00000846 243 36 -0.20576
00000846 601 509 -0.575395
00000846 21 514 -0.694027
00000846 592 482 -0.774161
00000846 596 408 -0.85146
00000846 270 73 -0.985766
00000861 981 964 0.871915
00000861 68 160 0.342587
00000861 923 628 -0.534007
00000861 316 716 -0.628115
00000861 712 886 -0.700253
00000861 666 794 -0.72308
00000861 115 312 -0.732412
00000861 258 659 -0.798726
00000861 955 686 -0.816769
00000861 764 332 -0.826036
00000861 996 856 -0.907419
00000861 901 989 -0.962175
00000867 175 38 1.66783
00000867 51 150 0.973531
00000867 979 856 -0.340117
00000867 304 741 -0.495031
00000867 796 764 -0.523682
00000867 279 311 -0.582149
00000867 694 763 -0.588097
00000867 261 750 -0.597629
00000867 758 810 -0.649034
00000867 956 648 -0.653562
00000867 169 192 -0.827648
00000867 997 689 -0.829746
00000867 52 140 -0.835441
00000867 20 160 -0.874687
00000867 298 294 -0.889916
00000867 973 711 -0.959539
00000867 947 235 -0.964102
00000867 828 700 -1.00096
00000867 836 471 -1.02026
00000867 808 712 -1.02497
00000867 964 415 -1.02794
00000898 901 861 1.52205
00000898 965 765 0.31273
00000898 459 480 -0.324282
00000898 572 988 -0.459466
00000898 844 804 -0.805807
00000898 644 836 -0.8115
00000898 775 836 -0.829488
00000898 644 716 -0.867544
00000898 192 468 -0.91369
00000898 756 892 -0.950446
00000898 860 996 -1.0224
00000898 886 634 -1.02997
00000905 772 724 1.17599
00000905 279 965 0.597139
00000905 180 628 -0.17707
00000905 910 59 -0.261226
00000905 723 31 -0.43981
00000905 680 786 -0.440696
00000905 433 943 -0.459788
00000905 131 628 -0.524107
00000905 870 749 -0.570131
00000905 758 510 -0.662228
00000905 956 638 -0.678698
00000905 4 884 -0.681345
00000905 704 44 -0.709513
00000905 428 756 -0.71756
00000905 492 204 -0.728953
00000905 326 776 -0.82745
00000905 540 132 -0.836221
00000905 201 758 -0.837079
00000905 860 864 -0.840492
00000905 412 728 -0.877791
00000905 490 522 -0.899849
00000905 196 916 -0.924488
00000905 884 588 -0.925859
00000905 775 36 -0.956472
00000905 554 226 -0.989726
00000905 645 408 -0.993635
00000905 690 904 -0.994102
00000905 556 723 -0.994696
00000905 595 714 -1.01677
00000905 216 986 -1.02649
00000905 868 452 -1.03999
00000907 89 316 1.22273
00000907 960 201 0.952348
00000907 121 490 0.48795
00000907 184 836 0.200701
00000907 133 298 0.191394
00000907 947 184 0.10699
00000907 564 948 -0.202378
00000907 932 105 -0.245124
00000907 188 816 -0.26399
00000907 68 428 -0.380698
00000907 908 172 -0.402232
00000907 184 214 -0.434482
00000907 4 147 -0.470739
00000907 428 925 -0.507155
00000907 47 870 -0.513503
00000907 4 180 -0.54327
00000907 364 608 -0.546232
00000907 289 431 -0.577532
00000907 920 24 -0.701986
00000907 160 514 -0.768545
00000907 156 852 -0.783134
00000907 469 897 -0.793733
00000907 58 485 -0.84436
00000907 45 151 -0.908288
00000907 64 152 -0.925113
00000907 469 976 -0.968857
00000907 195 110 -0.994661
00000907 116 508 -0.996562
00000907 81 853 -0.998637
00000907 251 654 -1.00117
00000907 389 280 -1.04457
00000908 730 344 1.8082
00000908 724 332 -0.0846835
00000908 142 519 -0.655234
00000908 72 638 -0.772419
00000915 900 28 -0.399081
00000915 792 379 -0.519031
00000915 700 700 -0.750965
00000915 564 428 -1.00544
00000919 728 891 0.491676
00000919 180 200 -0.924542
00000919 732 876 -1.02003
00000924 828 696 0.0366409
00000924 786 649 -0.829278
00000924 868 956 -0.857841
00000924 923 735 -0.943232
00000924 741 981 -1.0275
00000954 970 482 0.189432
00000954 693 505 -0.0806793
00000954 4 583 -0.290696
00000954 376 22 -0.496924
00000954 332 52 -0.821809
00000954 244 124 -0.866362
00000954 220 877 -0.916041
00000954 359 108 -0.919754
00000954 469 5 -0.969343
00000954 445 675 -0.999405
00000969 560 52 -0.305537
00000969 612 58 -0.580463
00000969 690 715 -0.725912
00000969 638 647 -0.853676
00000969 611 128 -0.855338
00000969 765 379 -0.908985
00000969 565 105 -0.923643
00000974 960 767 0.813402
00000974 500 845 -1.01592
00000974 978 730 -1.03166
00000987 997 58 0.577926
00000987 485 543 -0.244864
00000987 827 604 -0.882862
00000987 132 463 -0.966375
00000987 990 47 -1.02876
00000996 179 399 0.246566
00000996 276 4 -0.393478
00000996 179 422 -0.666691
00000996 150 201 -0.679841
00000996 100 508 -0.739254
00000996 30 428 -0.867249
00000996 172 610 -0.949668
00000996 4 518 -0.961023
00000996 68 320 -0.998188
00001001 100 204 -0.516201
00001001 981 459 -0.542954
00001001 12 852 -0.810754
00001001 140 600 -0.914559
00001003 744 126 0.404017
00001003 813 427 0.173936
00001003 840 82 -0.143575
00001003 998 424 -0.163418
00001003 832 467 -0.259132
00001003 780 292 -0.711168
00001003 956 396 -0.824587
00001003 89 854 -0.845278
00001003 649 321 -0.932209
00001003 842 260 -0.968201
00001036 596 156 0.80553
00001046 150 171 1.512
00001046 321 142 -0.0522303
00001046 379 172 -0.784811
00001046 353 58 -0.79992
00001046 72 210 -0.83645
00001046 771 169 -0.904084
00001046 172 12 -0.912925
00001046 68 200 -0.937487
00001046 55 225 -0.941315
00001051 990 308 1.21167
00001051 566 4 -0.420252
00001051 775 210 -0.6701
00001051 566 448 -0.867209
00001051 565 500 -1.04513
00001071 628 520 2.07848
00001071 4 132 -0.326277
00001071 4 44 -0.360259
00001071 4 992 -0.362049
00001071 317 601 -0.491914
00001071 20 380 -0.915435
00001071 654 521 -1.04506
00001071 179 849 -1.04671
00001078 500 256 0.473442
00001078 934 55 0.425133
00001078 488 261 0.0514771
00001078 994 64 -0.108394
00001078 930 167 -0.309154
00001078 458 368 -0.415354
00001078 828 144 -0.616516
00001078 620 597 -0.819602
00001078 484 132 -0.826984
00001078 979 49 -0.86503
00001078 956 244 -0.868118
00001078 974 59 -0.887143
00001078 676 68 -0.912847
00001078 334 132 -0.932913
00001078 996 356 -0.974916
00001078 464 307 -1.03483
00001078 741 158 -1.03647
00001080 712 411 1.44693
00001080 664 338 0.823204
00001080 441 179 0.283646
00001080 700 408 0.0250474
00001080 306 89 -0.0216695
00001080 664 384 -0.32253
00001080 804 362 -0.452306
00001080 236 412 -0.469091
00001080 844 394 -0.483497
00001080 415 278 -0.514379
00001080 526 438 -0.631681
00001080 748 300 -0.765302
00001080 372 184 -0.775448
00001080 812 436 -0.823113
00001080 912 284 -0.934386
00001080 887 394 -0.960477
00001080 604 428 -0.998029
00001102 195 870 0.0848362
00001102 140 848 -0.549542
00001102 244 381 -0.56017
00001102 226 851 -0.873612
00001126 923 786 0.13587
00001126 979 585 -0.211583
00001126 988 404 -0.892974
00001126 916 780 -1.03313
00001129 628 184 0.890044
00001129 630 154 0.341081
00001129 454 105 -0.556218
00001129 436 132 -0.796918
00001129 508 168 -0.810843
00001129 364 347 -1.03651
00001136 848 398 0.409071
00001136 300 717 0.367728
00001136 517 630 0.275189
00001136 709 517 0.12265
00001136 712 404 0.0874242
00001136 717 480 -0.100233
00001136 717 311 -0.101559
00001136 711 441 -0.328936
00001136 177 517 -0.417307
00001136 284 604 -0.454008
00001136 796 412 -0.51223
00001136 916 516 -0.580845
00001136 629 436 -0.656205
00001136 802 73 -0.787252
00001136 930 83 -0.800099
00001136 280 940 -0.846982
00001136 420 1000 -0.903495
00001136 820 192 -0.953954
00001136 399 601 -0.984656
00001136 215 555 -0.989094
00001136 969 702 -1.01339
00001136 986 543 -1.01394
00001136 94 595 -1.03505
00001152 764 740 0.193347
00001152 407 527 -0.0166783
00001152 167 368 -0.0774235
00001152 20 432 -0.245656
00001152 668 892 -0.379451
00001152 730 794 -0.439041
00001152 204 460 -0.490581
00001152 828 776 -0.599146
00001152 832 797 -0.664262
00001152 124 540 -0.796779
00001152 280 712 -0.797344
00001152 192 354 -0.801607
00001152 396 700 -0.877216
00001152 124 420 -0.890365
00001152 184 793 -0.935153
00001152 76 740 -0.985198
00001152 396 272 -1.00052
00001152 823 786 -1.00642
00001152 269 290 -1.03469
00001152 636 864 -1.04091
00001159 980 500 0.266634
00001159 926 407 -0.312801
00001159 992 364 -0.500332
00001159 964 372 -0.569697
00001159 920 516 -0.661794
00001159 924 492 -0.667464
00001159 998 334 -0.952105
00001198 188 336 0.582953
00001198 732 508 0.256449
00001198 588 928 0.0684324
00001198 750 595 -0.537477
00001198 870 891 -0.717057
00001198 381 244 -0.74828
00001198 556 460 -0.904939
00001198 561 690 -0.975208
00001198 868 880 -1.02071
00001203 258 353 1.80174
00001203 767 360 0.288845
00001203 694 187 -0.407432
00001203 630 535 -0.589887
00001203 793 437 -0.799852
00001203 511 110 -0.909907
00001203 775 754 -0.951336
00001203 812 462 -0.959715
00001203 721 643 -1.01372
00001203 592 523 -1.0422
00001204 955 997 0.103557
00001204 948 848 0.00374448
00001204 712 712 -0.190225
00001204 692 544 -0.558562
00001204 820 668 -0.613045
00001204 817 546 -0.631941
00001204 467 566 -0.67907
00001204 844 827 -0.757867
00001204 638 514 -0.967286
00001204 904 964 -1.03277
00001210 167 55 -0.683077
00001210 292 4 -0.744419
00001210 348 4 -0.850778
00001210 583 32 -0.958652
00001210 216 28 -0.969659
00001210 58 195 -1.02597
00001212 124 21 0.923647
00001212 133 50 0.460714
00001212 754 47 -0.140335
00001212 192 528 -0.237688
00001212 158 137 -0.359323
00001212 269 295 -0.480236
00001212 38 767 -0.554498
00001212 44 460 -0.600984
00001212 20 188 -0.776126
00001212 133 206 -0.836883
00001212 41 353 -0.876306
00001212 724 204 -0.890811
00001212 1004 44 -0.900045
00001212 174 332 -0.970061
00001212 708 180 -0.987535
00001212 763 290 -0.987683
00001212 261 287 -1.03245
00001212 151 390 -1.03382
00001237 258 258 0.409148
00001237 256 316 0.121755
00001237 205 237 -0.307644
00001237 73 103 -0.333944
00001237 167 4 -0.524204
00001237 20 8 -0.590253
00001237 280 317 -0.609081
00001237 4 349 -0.629822
00001237 269 395 -0.660975
00001237 68 206 -0.982947
00001237 140 28 -1.0128
