00000033 628 892 1.13713
00000033 601 895 0.823267
00000033 184 580 0.364986
00000033 497 906 -0.0842584
00000033 418 431 -0.252574
00000033 939 533 -0.341969
00000033 739 905 -0.368103
00000033 234 721 -0.541955
00000033 928 786 -0.578185
00000033 595 581 -0.585726
00000033 676 820 -0.636134
00000033 679 500 -0.673398
00000033 44 712 -0.694051
00000033 988 652 -0.699103
00000033 348 644 -0.708334
00000033 997 905 -0.715337
00000033 712 960 -0.716289
00000033 739 491 -0.734721
00000033 546 868 -0.747105
00000033 340 932 -0.758119
00000033 404 668 -0.781095
00000033 849 735 -0.877607
00000033 792 738 -0.898011
00000033 620 877 -0.932984
00000041 413 997 1.86994
00000041 996 40 1.04976
00000041 26 649 0.690806
00000041 340 600 0.52098
00000041 557 647 0.191219
00000041 411 930 -0.025153
00000041 969 91 -0.10037
00000041 570 403 -0.188645
00000041 910 975 -0.313876
00000041 326 73 -0.397635
00000041 353 18 -0.44328
00000041 649 89 -0.445102
00000041 454 358 -0.447609
00000041 4 689 -0.466545
00000041 876 704 -0.52979
00000041 4 147 -0.604416
00000041 868 4 -0.646263
00000041 500 317 -0.832904
00000041 849 174 -0.834636
00000041 870 881 -0.847652
00000041 201 300 -0.853002
00000041 570 150 -0.864827
00000041 304 948 -0.874437
00000041 716 860 -0.880342
00000041 508 164 -0.901053
00000041 860 36 -0.903967
00000041 131 364 -0.904883
00000041 948 976 -0.917528
00000041 527 990 -0.917931
00000041 943 150 -0.925514
00000041 428 132 -0.9533
00000041 116 980 -0.954458
00000041 108 625 -0.963616
00000041 840 169 -0.973849
00000041 906 4 -1.03711
00000041 791 68 -1.04638
00000041 807 992 -1.04733
00000047 445 569 1.73102
00000047 444 184 1.08574
00000047 836 864 0.357511
00000047 691 965 0.320464
00000047 528 708 -0.0107041
00000047 767 441 -0.128158
00000047 900 916 -0.18838
00000047 645 384 -0.206022
00000047 924 440 -0.29849
00000047 647 235 -0.371165
00000047 660 940 -0.42779
00000047 822 64 -0.433784
00000047 216 36 -0.481727
00000047 4 732 -0.50955
00000047 647 87 -0.546511
00000047 445 808 -0.549197
00000047 374 849 -0.553525
00000047 131 422 -0.573696
00000047 17 4 -0.574654
00000047 201 664 -0.620099
00000047 773 68 -0.626859
00000047 205 527 -0.640153
00000047 153 248 -0.662214
00000047 976 158 -0.666436
00000047 330 218 -0.708295
00000047 647 312 -0.710586
00000047 212 252 -0.736527
00000047 818 432 -0.757193
00000047 930 68 -0.866313
00000047 802 861 -0.876595
00000047 828 876 -0.8766
00000047 151 206 -0.903929
00000047 4 675 -0.933865
00000047 976 438 -0.948891
00000047 422 459 -0.951628
00000047 188 4 -0.955829
00000047 140 260 -0.961711
00000047 422 657 -0.985737
00000047 638 167 -0.998605
00000047 22 730 -0.999977
00000047 420 856 -1.01472
00000047 484 467 -1.03006
00000047 432 796 -1.03543
00000050 773 147 2.18805
00000050 73 339 1.67053
00000050 369 469 1.41855
00000050 648 196 1.13895
00000050 572 304 0.609913
00000050 588 16 0.511114
00000050 542 4 0.187445
00000050 773 196 0.14198
00000050 60 296 -0.112181
00000050 68 390 -0.422632
00000050 60 380 -0.490119
00000050 976 300 -0.576795
00000050 891 187 -0.64009
00000050 64 118 -0.659878
00000050 141 896 -0.684733
00000050 20 148 -0.692598
00000050 786 290 -0.750762
00000050 997 79 -0.833292
00000050 1004 732 -0.863153
00000050 444 532 -0.878827
00000050 878 192 -0.886524
00000050 376 452 -0.895517
00000050 588 532 -0.910639
00000050 756 204 -0.916599
00000050 493 518 -0.925111
00000050 997 160 -0.93466
00000050 561 227 -0.999201
00000050 546 519 -1.04003
00000050 632 388 -1.04195
00000061 261 721 -0.159748
00000061 229 519 -0.357585
00000061 214 295 -0.401517
00000061 221 408 -0.407033
00000061 244 321 -0.481562
00000061 215 344 -0.567286
00000061 240 564 -0.765668
00000061 266 537 -0.91889
00000061 184 92 -1.00353
00000061 22 840 -1.00609
00000065 312 647 1.81419
00000065 349 868 1.52294
00000065 29 221 1.50755
00000065 794 638 0.64684
00000065 544 588 -0.0817619
00000065 604 532 -0.135871
00000065 621 390 -0.170275
00000065 316 659 -0.469972
00000065 28 204 -0.567214
00000065 828 670 -0.568245
00000065 514 784 -0.616129
00000065 668 900 -0.717585
00000065 524 852 -0.77527
00000065 92 576 -0.828085
00000065 92 20 -0.848215
00000065 368 364 -0.875873
00000065 347 351 -0.922627
00000065 544 628 -0.929443
00000065 537 872 -0.955572
00000065 758 673 -0.974434
00000065 604 913 -1.00779
00000065 796 604 -1.01651
00000065 673 673 -1.02594
00000083 36 390 0.583671
00000083 964 12 -0.749838
00000083 175 728 -0.785367
00000083 158 707 -0.881709
00000083 660 332 -0.95269
00000084 64 49 0.651174
00000084 508 344 -0.192564
00000084 381 519 -0.277958
00000084 317 119 -0.313574
00000084 52 40 -0.330091
00000084 528 358 -0.35197
00000084 565 206 -0.697634
00000084 131 21 -0.93325
00000084 380 36 -0.97862
00000084 5 311 -1.0205
00000096 469 348 1.1159
00000096 316 716 -0.41412
00000096 900 324 -0.551414
00000096 416 543 -0.618708
00000096 565 326 -0.672635
00000096 457 876 -0.673096
00000096 329 728 -0.673649
00000096 560 372 -0.685732
00000096 913 364 -0.688326
00000096 932 924 -0.748717
00000096 167 364 -0.768188
00000096 347 433 -0.853947
00000096 507 201 -0.978261
00000096 684 812 -1.04367
00000104 261 38 1.2994
00000104 441 47 1.08326
00000104 54 73 -0.147204
00000104 476 772 -0.231581
00000104 196 96 -0.253062
00000104 308 752 -0.309423
00000104 891 950 -0.390331
00000104 404 548 -0.473555
00000104 871 364 -0.583564
00000104 628 68 -0.611137
00000104 681 445 -0.741759
00000104 317 574 -0.749329
00000104 604 484 -0.753218
00000104 205 105 -0.795557
00000104 321 759 -0.812224
00000104 938 784 -0.917776
00000104 638 467 -0.926691
00000104 160 583 -0.931704
00000104 606 47 -0.976364
00000104 343 680 -1.00437
00000104 284 940 -1.02862
00000104 76 264 -1.04965
00000114 484 870 0.781611
00000114 585 851 0.644104
00000114 565 574 -0.0112522
00000114 673 951 -0.102075
00000114 601 592 -0.326402
00000114 580 902 -0.36112
00000114 552 908 -0.380527
00000114 343 881 -0.45414
00000114 844 561 -0.60369
00000114 551 851 -0.701071
00000114 1003 861 -0.808631
00000114 211 970 -0.958752
00000114 321 913 -0.981665
00000133 900 444 1.92901
00000133 674 428 1.34422
00000133 895 877 0.794897
00000133 772 516 0.222415
00000133 668 444 0.0415935
00000133 996 708 -0.504138
00000133 979 610 -0.814914
00000133 142 514 -0.82867
00000133 733 4 -0.906566
00000133 1004 732 -0.9622
00000133 707 94 -1.04563
00000153 44 460 2.09375
00000153 76 460 1.233
00000153 739 454 0.979509
00000153 721 601 0.912663
00000153 179 514 0.888421
00000153 680 496 0.811508
00000153 660 744 0.661092
00000153 876 548 0.638139
00000153 870 60 0.477245
00000153 732 516 0.417342
00000153 52 544 0.325008
00000153 840 560 0.0781903
00000153 892 40 -0.0387816
00000153 438 511 -0.256523
00000153 396 820 -0.376637
00000153 754 279 -0.376639
00000153 822 362 -0.521128
00000153 480 287 -0.52896
00000153 698 132 -0.558355
00000153 501 17 -0.596615
00000153 692 184 -0.635764
00000153 105 381 -0.644001
00000153 785 592 -0.658306
00000153 871 507 -0.686197
00000153 452 628 -0.694735
00000153 231 428 -0.779575
00000153 44 512 -0.783548
00000153 980 580 -0.818071
00000153 132 476 -0.83883
00000153 533 427 -0.856284
00000153 468 644 -0.856636
00000153 21 561 -0.863443
00000153 47 374 -0.865695
00000153 617 5 -0.894475
00000153 565 218 -0.918384
00000153 860 26 -0.928614
00000153 116 452 -0.936853
00000153 652 944 -0.940596
00000153 564 60 -0.943035
00000153 467 24 -0.951445
00000153 675 859 -0.962747
00000153 684 340 -1.01824
00000153 477 581 -1.02532
00000153 554 248 -1.02775
00000153 861 270 -1.03536
00000154 891 519 0.937079
00000154 1004 524 0.858991
00000154 928 32 0.572222
00000154 904 20 0.337212
00000154 978 473 0.202125
00000154 892 164 0.066967
00000154 820 268 -0.0769078
00000154 851 270 -0.179809
00000154 860 304 -0.292223
00000154 859 321 -0.30607
00000154 1011 90 -0.580327
00000154 980 308 -0.583867
00000154 526 339 -0.588109
00000154 702 441 -0.853041
00000154 748 298 -0.942276
00000154 216 469 -0.97166
00000154 509 317 -1.00782
00000154 480 533 -1.01321
00000154 840 321 -1.01831
00000154 169 454 -1.04645
00000157 329 389 1.45004
00000157 248 528 1.21128
00000157 208 532 0.298888
00000157 280 758 0.208288
00000157 930 42 0.182661
00000157 184 524 -0.08328
00000157 445 735 -0.372135
00000157 287 544 -0.437146
00000157 620 647 -0.460547
00000157 500 1004 -0.461337
00000157 448 704 -0.536083
00000157 408 14 -0.544551
00000157 324 516 -0.546795
00000157 500 620 -0.660827
00000157 270 733 -0.714381
00000157 536 910 -0.763707
00000157 748 76 -0.795852
00000157 681 673 -0.825708
00000157 404 800 -0.842774
00000157 5 997 -0.848032
00000157 748 28 -0.877174
00000157 36 412 -0.91435
00000157 635 605 -0.949312
00000157 28 4 -0.952787
00000160 930 810 1.40175
00000160 772 680 -0.411761
00000160 944 923 -0.420336
00000160 666 611 -0.524036
00000160 158 511 -0.54267
00000160 310 733 -0.549684
00000160 668 824 -0.63197
00000160 700 620 -0.682911
00000160 723 728 -0.692346
00000160 979 910 -0.711875
00000160 853 767 -0.924157
00000160 895 877 -1.01375
00000160 604 604 -1.0146
00000160 258 617 -1.01582
00000160 868 792 -1.02482
00000161 886 652 1.23133
00000161 876 723 0.899214
00000161 977 724 0.560104
00000161 951 721 -0.288773
00000161 445 317 -0.372368
00000161 877 868 -0.721703
00000161 988 484 -0.760925
00000161 896 372 -0.844229
00000161 629 307 -0.892014
00000161 870 501 -0.954107
00000161 764 916 -1.04868
00000162 784 141 -0.478389
00000162 197 124 -0.803927
00000163 831 583 -0.0110771
00000163 891 717 -0.134788
00000163 836 797 -0.606961
00000163 708 796 -0.774551
00000163 107 733 -0.9349
00000163 51 673 -0.990501
00000170 385 886 1.23355
00000170 60 984 0.60317
00000170 753 305 0.441947
00000170 243 817 0.144788
00000170 76 960 0.0741322
00000170 300 752 -0.0342965
00000170 372 760 -0.17112
00000170 389 792 -0.194208
00000170 359 773 -0.30229
00000170 407 823 -0.450032
00000170 675 399 -0.467197
00000170 78 179 -0.474414
00000170 801 192 -0.569981
00000170 786 142 -0.593124
00000170 744 147 -0.653783
00000170 216 791 -0.657964
00000170 308 964 -0.757894
00000170 743 320 -0.759502
00000170 4 482 -0.763637
00000170 348 980 -0.838083
00000170 684 204 -0.844537
00000170 660 232 -0.855464
00000170 659 300 -0.872239
00000170 124 380 -0.953513
00000170 684 140 -1.02767
00000170 670 290 -1.03321
00000170 396 780 -1.04224
00000170 79 986 -1.04975
00000175 583 657 0.851357
00000175 537 202 0.12687
00000175 712 868 0.0620682
00000175 692 500 0.00873938
00000175 674 300 -0.133753
00000175 661 583 -0.293821
00000175 684 468 -0.406116
00000175 565 72 -0.66861
00000175 560 675 -0.776126
00000175 556 965 -0.82825
00000175 533 928 -0.859245
00000175 546 4 -0.904771
00000175 546 762 -0.9269
00000175 617 216 -0.934127
00000175 780 132 -0.946419
00000175 374 965 -0.965005
00000175 664 651 -0.973927
00000175 517 182 -1.01241
00000175 859 124 -1.03646
00000175 904 124 -1.04249
00000185 252 500 0.270609
00000185 308 560 0.228503
00000185 108 241 0.172691
00000185 244 274 0.145615
00000185 96 500 -0.295902
00000185 180 212 -0.44603
00000185 261 728 -0.571949
00000185 353 712 -0.610363
00000185 235 278 -0.729343
00000185 4 932 -0.829748
00000185 372 164 -0.938513
00000185 500 445 -1.00442
00000185 204 796 -1.01404
00000185 92 348 -1.03589
00000185 162 497 -1.04828
00000188 201 604 0.0240329
00000188 29 861 -0.0977954
00000188 36 849 -0.237164
00000188 362 202 -0.327894
00000188 148 852 -0.38871
00000188 412 576 -0.433718
00000188 271 863 -0.521632
00000188 220 636 -0.642545
00000188 116 964 -0.789607
00000188 364 538 -0.900086
00000188 288 876 -1.02995
00000188 124 753 -1.04559
00000209 131 5 -0.165043
00000209 116 500 -0.221172
00000209 220 381 -0.260013
00000209 630 458 -0.319363
00000209 676 396 -0.433901
00000209 248 444 -0.458565
00000209 108 660 -0.584907
00000209 647 335 -0.603455
00000209 110 670 -0.616544
00000209 516 580 -0.665013
00000209 638 408 -0.696939
00000209 436 572 -0.714292
00000209 218 458 -0.719592
00000209 718 536 -0.798446
00000209 413 428 -0.944674
00000209 228 356 -0.956391
00000209 108 572 -0.968507
00000209 463 475 -0.98724
00000218 741 540 1.48716
00000218 748 56 -0.0255176
00000218 881 24 -0.030277
00000218 575 226 -0.301618
00000218 420 924 -0.308129
00000218 172 928 -0.326951
00000218 892 100 -0.690993
00000218 604 364 -0.691936
00000218 604 535 -0.699944
00000218 532 156 -0.756326
00000218 636 148 -0.766601
00000218 820 20 -0.873173
00000218 284 804 -0.876738
00000218 508 220 -0.89231
00000218 182 979 -0.900404
00000218 951 215 -0.934331
00000218 668 136 -0.96688
00000218 828 812 -1.00057
00000218 441 943 -1.01482
00000218 583 822 -1.0285
00000263 493 445 1.39164
00000263 406 337 0.514673
00000263 218 527 0.343188
00000263 502 93 0.0694063
00000263 448 280 -0.128069
00000263 960 987 -0.374735
00000263 438 438 -0.405628
00000263 661 372 -0.472235
00000263 480 364 -0.576559
00000263 493 848 -0.780787
00000263 184 356 -0.939239
00000263 914 877 -1.00376
00000263 508 76 -1.00985
00000263 284 236 -1.03999
00000265 956 848 1.17122
00000265 546 728 1.0936
00000265 780 990 0.428172
00000265 851 605 0.383446
00000265 812 868 0.107066
00000265 923 827 0.0882607
00000265 572 988 0.08641
00000265 892 608 -0.0958866
00000265 596 886 -0.115263
00000265 5 533 -0.130678
00000265 824 908 -0.133002
00000265 583 693 -0.154353
00000265 81 30 -0.208407
00000265 707 868 -0.243641
00000265 960 22 -0.263106
00000265 891 754 -0.265926
00000265 630 973 -0.35943
00000265 698 986 -0.383823
00000265 881 955 -0.384354
00000265 831 878 -0.517182
00000265 716 620 -0.615629
00000265 395 981 -0.669746
00000265 956 964 -0.735881
00000265 501 833 -0.738091
00000265 960 868 -0.74172
00000265 768 576 -0.742029
00000265 564 20 -0.757983
00000265 860 956 -0.758351
00000265 715 758 -0.776416
00000265 4 172 -0.837735
00000265 901 861 -0.884495
00000265 724 52 -0.89652
00000265 98 72 -0.898748
00000265 861 802 -0.916108
00000265 902 617 -0.920459
00000265 723 981 -0.921357
00000265 572 676 -0.926453
00000265 810 956 -0.936965
00000265 596 1002 -0.994607
00000265 467 861 -1.00977
00000265 840 997 -1.01126
00000265 680 818 -1.02309
00000265 487 851 -1.02878
00000265 167 613 -1.04141
00000265 870 55 -1.04515
00000298 715 668 -0.0165752
00000298 791 269 -0.190545
00000298 799 206 -0.25387
00000298 141 840 -0.306446
00000298 767 1003 -0.535815
00000298 153 168 -0.812293
00000298 796 188 -0.834788
00000298 501 5 -0.890325
00000298 460 576 -0.950508
00000298 107 218 -1.02706
00000298 884 908 -1.03728
00000301 275 44 0.710703
00000301 484 938 0.258223
00000301 4 231 0.236013
00000301 400 452 -0.0931205
00000301 394 81 -0.393191
00000301 304 347 -0.395116
00000301 4 98 -0.461613
00000301 580 244 -0.503938
00000301 712 716 -0.530307
00000301 330 115 -0.649176
00000301 674 758 -0.672814
00000301 492 636 -0.695248
00000301 628 644 -0.811693
00000301 295 754 -0.814987
00000301 666 707 -0.87758
00000301 856 536 -0.890035
00000301 398 30 -0.899698
00000301 877 464 -0.928796
00000301 670 721 -0.930228
00000301 576 329 -0.930676
00000301 501 694 -0.935886
00000301 716 748 -0.968335
00000301 398 54 -0.990652
00000301 518 364 -1.01868
00000301 487 241 -1.01951
00000301 574 459 -1.02807
00000305 932 976 1.47298
00000305 756 140 1.28118
00000305 307 808 0.866733
00000305 870 968 0.606967
00000305 932 124 0.0969716
00000305 137 741 -0.0763324
00000305 792 625 -0.175292
00000305 902 358 -0.195764
00000305 585 374 -0.636415
00000305 156 692 -0.636601
00000305 780 860 -0.685578
00000305 780 4 -0.916707
00000305 861 457 -0.949209
00000305 892 364 -1.00976
00000305 1007 561 -1.04676
00000312 600 822 1.2804
00000312 675 886 0.496146
00000312 528 730 0.187021
00000312 649 786 0.0472271
00000312 635 960 -0.0807326
00000312 480 891 -0.247264
00000312 654 773 -0.553863
00000312 416 448 -0.574932
00000312 595 801 -0.710981
00000312 569 775 -0.734533
00000312 540 861 -0.747342
00000312 474 765 -0.811798
00000312 482 863 -0.861664
00000312 475 741 -0.976136
00000312 420 492 -0.99395
00000330 276 116 1.30676
00000330 338 158 0.940292
00000330 237 121 0.63455
00000330 160 60 0.526478
00000330 290 36 -0.0760324
00000330 206 4 -0.129312
00000330 362 91 -0.392336
00000330 364 52 -0.573208
00000330 174 58 -0.615737
00000330 236 44 -0.675788
00000330 381 105 -0.915846
00000330 295 72 -0.964878
00000330 398 853 -1.02717
00000330 279 110 -1.03522
00000330 801 201 -1.03634
00000334 424 878 1.8985
00000334 252 780 1.23052
00000334 404 908 1.19094
00000334 68 900 0.832809
00000334 20 484 0.343268
00000334 524 996 -0.0626078
00000334 758 433 -0.27572
00000334 218 630 -0.666652
00000334 748 412 -0.767696
00000334 628 564 -0.836548
00000334 464 500 -0.84932
00000334 723 679 -0.861466
00000334 660 704 -0.883158
00000334 124 404 -0.951931
00000334 712 647 -0.95367
00000334 132 568 -0.999901
00000334 585 459 -1.03168
00000334 416 913 -1.03577
00000353 956 94 -0.0489433
00000353 460 400 -0.501646
00000353 827 47 -0.576951
00000353 951 151 -0.582858
00000353 849 68 -0.667429
00000353 733 36 -0.830535
00000353 585 26 -0.839562
00000353 652 36 -0.844355
00000353 480 105 -0.848548
00000353 575 184 -0.873749
00000353 827 390 -0.960872
00000353 480 411 -1.02524
00000358 196 616 1.34367
00000358 698 673 0.180631
00000358 511 622 0.0922726
00000358 381 4 0.0508193
00000358 201 420 0.0308875
00000358 119 4 -0.160625
00000358 148 920 -0.300367
00000358 418 59 -0.424996
00000358 604 908 -0.459472
00000358 454 946 -0.555739
00000358 454 68 -0.604195
00000358 78 32 -0.703232
00000358 621 625 -0.711369
00000358 372 76 -0.720502
00000358 684 4 -0.744407
00000358 381 528 -0.812511
00000358 670 490 -0.842896
00000358 379 79 -0.847333
00000358 150 450 -0.885164
00000358 877 647 -0.903292
00000358 436 624 -0.922765
00000358 416 980 -0.925473
00000358 477 822 -0.941668
00000358 564 596 -0.949115
00000358 657 275 -1.01022
00000358 320 152 -1.02919
00000358 4 364 -1.03298
00000358 226 860 -1.04377
00000358 668 612 -1.04554
00000361 500 600 1.88617
00000361 773 600 1.17895
00000361 649 601 0.626544
00000361 162 600 0.535932
00000361 415 600 0.296648
00000361 930 553 -0.539528
00000361 828 796 -0.572996
00000361 578 557 -0.64114
00000361 990 934 -0.665516
00000361 381 928 -0.794799
00000361 684 780 -0.818777
00000361 132 605 -0.840978
00000361 828 924 -0.859305
00000361 681 544 -0.914365
00000361 844 320 -0.954491
00000361 681 325 -0.971781
00000361 501 355 -1.03179
00000361 981 325 -1.03359
00000373 64 231 -0.901021
00000376 965 612 0.646818
00000376 802 147 -0.863131
00000376 813 679 -0.883128
00000390 4 973 -0.642891
00000390 714 669 -0.765569
00000390 784 595 -0.887982
00000390 796 576 -0.954618
00000390 692 652 -0.986148
00000390 620 730 -0.996134
00000394 393 448 1.80027
00000394 78 863 0.750449
00000394 220 792 -0.165953
00000394 174 941 -0.37523
00000394 44 925 -0.411812
00000394 50 992 -0.492807
00000394 195 738 -0.548518
00000394 156 316 -0.597099
00000394 192 930 -0.797887
00000394 4 300 -0.832665
00000394 436 492 -0.911421
00000394 38 411 -0.961622
00000394 84 924 -0.987748
00000405 773 374 1.31147
00000405 179 284 0.920368
00000405 72 228 0.0640696
00000405 629 441 -0.460414
00000405 840 733 -0.462281
00000405 998 214 -0.75199
00000405 988 68 -0.752554
00000405 960 90 -0.821545
00000405 234 59 -0.835373
00000405 445 32 -0.840029
00000405 406 110 -0.883464
00000405 216 110 -0.923667
00000405 438 64 -0.945966
00000405 492 204 -0.971067
00000405 981 210 -1.01712
00000405 251 241 -1.01766
00000412 231 389 1.12476
00000412 22 321 0.954536
00000412 235 866 -0.00957244
00000412 68 482 -0.275174
00000412 98 484 -0.342186
00000412 88 988 -0.397031
00000412 342 767 -0.450551
00000412 94 501 -0.630634
00000412 399 946 -0.691213
00000412 108 680 -0.695145
00000412 148 292 -0.824496
00000412 4 450 -0.841532
00000412 123 349 -0.914698
00000412 68 796 -0.916439
00000412 210 381 -0.949292
00000412 225 748 -0.950988
00000412 175 553 -1.04268
00000439 981 625 -0.0547018
00000439 615 142 -0.243594
00000439 951 257 -0.580489
00000439 21 664 -0.685461
00000439 635 211 -0.818605
00000439 49 723 -0.887823
00000439 385 721 -0.888016
00000439 984 700 -0.920655
00000439 116 660 -0.96064
00000439 244 981 -0.971092
00000439 407 664 -1.01133
00000439 121 664 -1.02296
00000439 308 660 -1.02715
00000439 153 5 -1.03376
00000442 998 990 -0.518636
00000442 310 950 -0.521233
00000442 100 538 -0.756351
00000442 794 105 -1.01729
00000442 836 587 -1.02098
00000449 784 852 0.35029
00000449 913 781 -0.56336
00000449 948 540 -0.569667
00000449 714 748 -0.846386
00000449 764 780 -0.883785
00000449 905 785 -0.885553
00000449 924 656 -0.928234
00000449 772 816 -0.948621
00000449 645 733 -0.952747
00000449 613 728 -1.02087
00000449 887 270 -1.03593
00000451 617 5 0.09026
00000451 666 574 -0.228696
00000451 666 317 -0.754694
00000451 321 4 -0.986997
00000451 861 4 -1.00367
00000455 276 736 2.02245
00000455 133 739 -0.0195976
00000455 822 329 -0.703325
00000455 497 4 -0.757095
00000455 381 500 -0.862632
00000455 231 467 -0.989692
00000455 492 320 -1.00437
00000455 152 356 -1.01869
00000455 260 714 -1.02829
00000455 78 353 -1.03331
00000456 330 849 1.15805
00000456 172 802 0.493801
00000456 332 775 -0.200118
00000456 292 756 -0.204127
00000456 304 767 -0.481823
00000456 124 712 -0.542899
00000456 5 796 -0.692846
00000456 47 670 -0.809233
00000456 289 794 -0.992061
00000456 320 832 -1.03412
00000456 162 484 -1.04861
00000467 320 773 -0.119477
00000490 721 840 0.268608
00000490 638 128 -0.183322
00000490 588 48 -0.295776
00000490 784 904 -0.4059
00000490 312 102 -0.425864
00000490 635 684 -0.672171
00000490 765 775 -0.692314
00000490 664 441 -0.739155
00000490 741 878 -0.74679
00000490 142 300 -0.832755
00000490 205 258 -0.923581
00000490 910 704 -0.94883
00000490 740 280 -1.02422
00000504 108 656 0.97407
00000504 84 228 0.520288
00000504 105 395 0.152033
00000504 220 352 -0.23719
00000504 4 492 -0.241596
00000504 878 47 -0.423252
00000504 89 232 -0.49523
00000504 107 111 -0.51731
00000504 192 698 -0.634307
00000504 398 704 -0.640947
00000504 206 473 -0.75528
00000504 164 492 -0.884568
00000504 4 482 -0.892949
00000504 131 659 -0.908546
00000504 162 704 -0.938676
00000504 276 680 -1.01307
00000571 55 767 0.454916
00000571 904 668 -0.133333
00000571 920 650 -0.180414
00000571 986 269 -0.698148
00000571 460 28 -0.780169
00000571 941 546 -0.784094
00000571 908 640 -0.817498
00000571 810 433 -0.88111
00000571 536 497 -0.917857
00000571 878 561 -0.918578
00000571 910 497 -0.921335
00000571 775 758 -0.978746
00000571 733 670 -0.980242
00000571 950 467 -0.989988
00000571 892 240 -1.01211
00000571 794 670 -1.0323
00000584 814 484 2.01188
00000584 891 511 0.0823304
00000584 990 85 -0.0129842
00000584 916 900 -0.533545
00000584 990 454 -0.53378
00000584 817 517 -0.697945
00000584 921 990 -0.831299
00000584 913 617 -0.966281
00000584 920 822 -1.02999
00000587 797 812 1.05511
00000587 111 433 1.00125
00000587 578 977 0.473963
00000587 304 613 0.33632
00000587 432 852 0.208015
00000587 913 913 0.0915011
00000587 364 820 0.0714175
00000587 144 620 -0.117589
00000587 424 553 -0.159181
00000587 385 606 -0.264164
00000587 364 516 -0.553068
00000587 484 913 -0.573389
00000587 364 604 -0.605443
00000587 300 628 -0.780455
00000587 914 702 -0.806177
00000587 251 423 -0.81129
00000587 484 510 -0.821273
00000587 955 47 -0.850273
00000587 182 694 -0.899907
00000587 930 956 -0.928765
00000587 292 604 -0.980042
00000587 116 412 -0.98562
00000587 364 553 -1.00897
00000587 934 448 -1.04256
00000589 804 330 2.03694
00000589 304 660 1.34012
00000589 145 64 0.637789
00000589 924 608 0.582324
00000589 348 336 0.470401
00000589 924 664 0.441231
00000589 812 304 -0.108519
00000589 804 234 -0.256068
00000589 767 505 -0.307056
00000589 4 225 -0.525016
00000589 216 320 -0.771344
00000589 724 728 -0.806778
00000589 228 684 -0.835043
00000589 758 415 -0.866348
00000589 794 532 -0.881097
00000589 206 160 -0.940188
00000589 114 634 -0.973033
00000598 810 325 0.870791
00000598 804 544 0.524335
00000603 896 123 1.05445
00000603 279 15 0.00950659
00000603 904 964 -0.234912
00000603 64 518 -0.412791
00000603 900 108 -0.436178
00000603 112 148 -0.601637
00000603 261 4 -0.62835
00000603 4 613 -0.67755
00000603 4 943 -0.915992
00000603 16 308 -1.02465
00000603 14 68 -1.04642
00000607 252 376 0.904969
00000607 827 94 0.261744
00000607 218 685 -0.0433036
00000607 100 376 -0.0631361
00000607 978 188 -0.245471
00000607 673 484 -0.251202
00000607 956 998 -0.359441
00000607 980 736 -0.467308
00000607 452 252 -0.553067
00000607 681 913 -0.655266
00000607 812 310 -0.665291
00000607 5 591 -0.667706
00000607 15 723 -0.66964
00000607 733 34 -0.700251
00000607 4 413 -0.710863
00000607 625 29 -0.736839
00000607 820 36 -0.74008
00000607 519 128 -0.746181
00000607 114 169 -0.761409
00000607 916 880 -0.772543
00000607 500 156 -0.796001
00000607 767 151 -0.801181
00000607 620 969 -0.814226
00000607 188 725 -0.823258
00000607 308 767 -0.82778
00000607 416 728 -0.831608
00000607 407 312 -0.845462
00000607 467 546 -0.852192
00000607 179 868 -0.869004
00000607 620 675 -0.880584
00000607 220 604 -0.885947
00000607 638 339 -0.896419
00000607 427 477 -0.898215
00000607 820 1004 -0.900521
00000607 692 636 -0.925153
00000607 881 369 -0.926232
00000607 72 390 -0.954465
00000607 694 364 -0.956715
00000607 84 632 -0.974232
00000607 836 154 -0.974333
00000607 812 368 -0.974943
00000607 987 156 -0.987024
00000607 548 160 -0.991435
00000607 868 884 -0.994009
00000607 150 184 -0.994251
00000607 487 113 -1.01095
00000607 174 934 -1.01772
00000607 13 900 -1.04382
00000607 604 136 -1.04458
00000624 469 807 1.64476
00000624 468 804 0.23609
00000624 828 1004 0.142599
00000624 147 691 0.00373839
00000624 270 968 -0.0519781
00000624 833 163 -0.0946929
00000624 721 142 -0.0970092
00000624 408 381 -0.102757
00000624 152 901 -0.207684
00000624 860 140 -0.245591
00000624 132 526 -0.253126
00000624 108 881 -0.296453
00000624 252 944 -0.308592
00000624 724 98 -0.322815
00000624 852 276 -0.358135
00000624 844 312 -0.375954
00000624 964 212 -0.416675
00000624 174 163 -0.44392
00000624 226 332 -0.559716
00000624 221 654 -0.572104
00000624 976 216 -0.589316
00000624 578 874 -0.600339
00000624 700 908 -0.623326
00000624 188 908 -0.650064
00000624 32 928 -0.653845
00000624 876 156 -0.65844
00000624 844 556 -0.658847
00000624 596 881 -0.665163
00000624 316 932 -0.68079
00000624 992 5 -0.686048
00000624 802 723 -0.686439
00000624 712 881 -0.695348
00000624 459 4 -0.700869
00000624 164 156 -0.717208
00000624 812 807 -0.726438
00000624 78 514 -0.735191
00000624 960 4 -0.738977
00000624 121 195 -0.745881
00000624 820 644 -0.761865
00000624 680 543 -0.797625
00000624 497 354 -0.798373
00000624 244 532 -0.804535
00000624 452 324 -0.819539
00000624 133 289 -0.825011
00000624 901 733 -0.834671
00000624 107 244 -0.852721
00000624 353 448 -0.859161
00000624 290 753 -0.85931
00000624 381 206 -0.865622
00000624 772 948 -0.878875
00000624 670 269 -0.880773
00000624 270 355 -0.92839
00000624 938 613 -0.931186
00000624 395 701 -0.943975
00000624 64 940 -0.946093
00000624 490 913 -0.952965
00000624 335 845 -0.959827
00000624 810 475 -0.964152
00000624 284 308 -0.969325
00000624 638 518 -0.97736
00000624 828 823 -0.981005
00000624 793 291 -0.981406
00000624 956 432 -0.998276
00000624 849 978 -1.00238
00000624 261 730 -1.01227
00000624 381 608 -1.0144
00000624 884 116 -1.01695
00000624 724 40 -1.02029
00000624 668 548 -1.02723
00000624 978 344 -1.03268
00000624 715 167 -1.04582
00000635 325 123 1.23096
00000635 330 261 0.463264
00000635 260 232 -0.238798
00000635 132 132 -0.444466
00000635 343 248 -0.600091
00000635 951 822 -0.665442
00000635 5 232 -0.685451
00000635 64 285 -0.69037
00000635 201 162 -0.80303
00000635 60 276 -0.987755
00000647 569 969 0.767925
00000647 278 364 0.515477
00000647 420 758 0.285354
00000647 438 630 0.229254
00000647 248 485 0.178416
00000647 210 441 0.144039
00000647 201 338 0.0435537
00000647 996 496 -0.317502
00000647 655 192 -0.351576
00000647 353 307 -0.40835
00000647 4 531 -0.411591
00000647 96 202 -0.419187
00000647 248 1002 -0.455222
00000647 201 235 -0.469147
00000647 500 204 -0.500735
00000647 501 192 -0.606777
00000647 300 20 -0.615547
00000647 496 438 -0.625253
00000647 690 355 -0.642985
00000647 450 535 -0.694497
00000647 298 298 -0.713892
00000647 655 424 -0.751955
00000647 643 441 -0.773626
00000647 98 329 -0.838906
00000647 588 876 -0.887178
00000647 574 960 -0.890041
00000647 660 204 -0.892771
00000647 355 724 -0.92305
00000647 420 820 -0.970515
00000649 103 44 -0.113062
00000649 260 108 -0.204411
00000649 300 59 -0.553697
00000649 180 4 -0.714163
00000649 184 34 -0.734992
00000651 311 659 -0.891325
00000651 248 659 -0.920968
00000651 324 668 -0.950889
00000676 620 352 1.81377
00000676 788 4 -0.177916
00000676 4 218 -0.457152
00000676 93 679 -0.765582
00000676 628 358 -0.834796
00000686 860 796 0.806349
00000686 32 629 0.697055
00000686 22 399 0.146767
00000686 311 15 -0.305964
00000686 47 121 -0.491811
00000686 32 298 -0.515652
00000686 36 564 -0.621967
00000686 832 590 -0.628194
00000686 326 124 -0.755377
00000686 4 587 -0.775448
00000686 317 298 -0.776906
00000686 484 872 -0.789975
00000686 22 59 -0.814103
00000686 59 620 -0.832333
00000686 310 467 -0.903525
00000686 164 788 -0.974018
00000686 205 717 -0.994044
00000686 50 454 -1.0462
00000687 427 381 1.44641
00000687 754 844 -0.0649191
00000687 794 385 -0.192138
00000687 272 844 -0.719993
00000687 720 981 -0.792902
00000687 690 621 -0.861159
00000687 31 839 -0.880439
00000687 56 972 -0.946789
00000687 994 853 -0.993103
00000703 500 448 1.2807
00000703 988 672 0.882131
00000703 270 947 -0.284201
00000703 661 895 -0.319164
00000703 827 420 -0.383172
00000703 226 765 -0.593417
00000703 96 845 -0.602355
00000703 140 848 -0.613692
00000703 849 897 -0.753843
00000703 831 951 -0.843477
00000703 214 827 -1.00875
00000703 570 330 -1.01954
00000737 251 502 0.282914
00000737 348 612 -0.111135
00000737 656 796 -0.592294
00000737 804 36 -0.637395
00000737 638 776 -0.698345
00000737 54 714 -0.792781
00000737 261 715 -0.825198
00000737 645 551 -0.886393
00000737 758 113 -0.919134
00000737 536 763 -0.934017
00000737 536 453 -0.945678
00000737 270 493 -0.960116
00000737 192 660 -0.981329
00000737 636 180 -1.03042
00000752 624 76 0.357688
00000752 788 88 -0.189021
00000752 750 90 -0.671294
00000752 786 110 -0.690142
00000752 928 484 -0.8472
00000752 881 4 -0.858014
00000752 666 133 -0.868247
00000752 664 312 -0.976993
00000752 655 38 -0.981067
00000752 978 339 -0.986805
00000752 930 158 -1.04671
00000776 728 860 1.55448
00000776 831 707 0.248155
00000776 781 4 -0.329465
00000776 818 63 -0.439226
00000776 793 703 -0.560694
00000776 718 881 -0.664562
00000776 973 475 -0.745072
00000776 979 467 -0.837035
00000776 625 871 -0.953639
00000776 999 113 -0.953745
00000776 896 4 -0.968195
00000776 844 580 -0.996334
00000801 418 462 0.161597
00000801 457 531 0.0123978
00000801 172 212 -0.102138
00000801 621 385 -0.18116
00000801 700 980 -0.382676
00000801 827 814 -0.418088
00000801 500 336 -0.421024
00000801 900 948 -0.423519
00000801 4 988 -0.427864
00000801 228 220 -0.44555
00000801 708 780 -0.521954
00000801 635 837 -0.523753
00000801 588 412 -0.638478
00000801 730 804 -0.640709
00000801 578 878 -0.651782
00000801 543 802 -0.679206
00000801 201 389 -0.702523
00000801 287 321 -0.739338
00000801 902 749 -0.759429
00000801 704 866 -0.855537
00000801 861 818 -0.858738
00000801 454 133 -0.885925
00000801 317 473 -0.900337
00000801 712 997 -0.903122
00000801 940 88 -0.917841
00000801 412 528 -0.918436
00000801 4 905 -0.92788
00000801 64 947 -0.931377
00000801 300 524 -0.949926
00000801 477 14 -0.999902
00000801 201 81 -1.01387
00000801 179 110 -1.0146
00000814 206 569 0.843454
00000814 236 92 0.840326
00000814 560 4 0.19811
00000814 556 241 0.118547
00000814 84 144 0.0603693
00000814 58 812 -0.155526
00000814 216 680 -0.274011
00000814 4 241 -0.334258
00000814 32 771 -0.339923
00000814 100 84 -0.438716
00000814 142 87 -0.529105
00000814 540 172 -0.596297
00000814 883 4 -0.60412
00000814 796 79 -0.878448
00000814 44 404 -0.965269
00000814 324 420 -1.02533
00000814 655 25 -1.04886
00000816 497 758 2.23727
00000816 398 595 0.182684
00000816 810 685 0.176842
00000816 4 362 -0.0890568
00000816 80 308 -0.389682
00000816 335 684 -0.534522
00000816 428 708 -0.558802
00000816 268 712 -0.636492
00000816 26 353 -0.710607
00000816 424 874 -0.7249
00000816 304 866 -0.776426
00000816 332 918 -0.884383
00000816 164 356 -0.984324
00000816 660 572 -1.0111
00000816 500 698 -1.02045
00000816 5 321 -1.02423
00000816 385 992 -1.03485
00000823 1004 156 1.50605
00000823 428 636 1.30592
00000823 73 994 1.05936
00000823 796 395 0.920391
00000823 767 111 0.439768
00000823 923 585 0.19709
00000823 748 96 -0.0956532
00000823 20 8 -0.184443
00000823 930 162 -0.340377
00000823 980 524 -0.3421
00000823 412 16 -0.35164
00000823 674 118 -0.671651
00000823 972 476 -0.672332
00000823 714 379 -0.680417
00000823 924 576 -0.685395
00000823 381 45 -0.806926
00000823 901 487 -0.831843
00000823 700 48 -0.911437
00000823 132 78 -0.972861
00000823 960 583 -0.978041
00000823 572 12 -1.02909
00000823 972 68 -1.02973
00000829 564 936 1.82546
00000829 822 945 1.66376
00000829 940 393 1.18261
00000829 979 743 0.708907
00000829 148 484 0.646645
00000829 647 342 -0.165307
00000829 163 501 -0.321159
00000829 970 723 -0.397232
00000829 690 630 -0.399977
00000829 164 12 -0.589526
00000829 721 762 -0.602643
00000829 537 638 -0.632957
00000829 463 655 -0.645819
00000829 438 605 -0.677788
00000829 290 581 -0.732802
00000829 840 206 -0.761453
00000829 487 398 -0.838096
00000829 4 243 -0.843052
00000829 986 332 -0.870208
00000829 968 68 -0.94051
00000829 315 704 -0.968532
00000829 484 584 -0.979426
00000829 840 868 -0.981464
00000829 744 738 -1.00074
00000829 295 385 -1.02958
00000831 295 287 0.760361
00000831 428 296 0.603395
00000831 628 396 0.120236
00000831 546 450 -0.0922555
00000831 723 321 -0.350275
00000831 292 708 -0.375777
00000831 896 613 -0.376167
00000831 964 588 -0.430948
00000831 870 454 -0.444761
00000831 840 459 -0.449813
00000831 52 504 -0.518618
00000831 4 574 -0.572563
00000831 433 750 -0.662167
00000831 546 275 -0.666246
00000831 348 20 -0.667139
00000831 484 124 -0.699339
00000831 924 628 -0.702166
00000831 810 4 -0.746727
00000831 692 272 -0.768198
00000831 636 580 -0.803233
00000831 812 664 -0.841736
00000831 395 818 -0.857258
00000831 517 955 -0.891688
00000831 645 349 -0.892183
00000831 344 813 -0.939733
00000831 236 188 -0.952984
00000831 295 844 -0.970083
00000831 424 758 -1.02176
00000831 278 158 -1.02544
00000831 585 348 -1.04133
00000859 535 180 0.769026
00000859 73 812 0.573089
00000859 160 895 0.209697
00000859 150 870 -0.174239
00000859 989 349 -0.328324
00000859 196 900 -0.512525
00000859 522 5 -0.569793
00000859 553 192 -0.789685
00000859 938 403 -0.817746
00000859 844 324 -0.820881
00000859 493 98 -0.860008
00000859 708 132 -0.871318
00000859 608 420 -0.902911
00000859 452 216 -0.91654
00000859 406 131 -0.932797
00000859 372 524 -0.93573
00000859 476 628 -0.991923
00000859 690 501 -1.04359
00000890 956 1000 0.157839
00000890 908 480 0.0415878
00000890 424 192 -0.050886
00000890 13 537 -0.384853
00000890 644 240 -0.420144
00000890 930 876 -0.46773
00000890 406 47 -0.47082
00000890 801 711 -0.585855
00000890 860 406 -0.589309
00000890 801 484 -0.592799
00000890 782 457 -0.618563
00000890 750 424 -0.71356
00000890 702 445 -0.717361
00000890 527 201 -0.751518
00000890 566 339 -0.771522
00000890 533 21 -0.803437
00000890 895 555 -0.819706
00000890 724 484 -0.827544
00000890 784 690 -0.876068
00000890 932 340 -0.924771
00000890 585 564 -0.956484
00000890 910 620 -0.970797
00000890 884 592 -1.01158
00000890 347 291 -1.04573
00000893 804 211 0.698229
00000893 904 4 -0.334593
00000893 441 698 -0.699172
00000893 842 792 -0.766018
00000893 934 673 -0.984924
00000893 1012 28 -1.04371
00000893 1004 861 -1.04705
00000912 108 100 1.02782
00000912 860 913 0.059898
00000912 132 98 -0.179457
00000912 115 90 -0.318168
00000912 469 110 -0.344286
00000912 597 500 -0.369282
00000912 132 979 -0.393391
00000912 491 50 -0.467088
00000912 172 668 -0.58895
00000912 546 231 -0.630833
00000912 201 502 -0.652412
00000912 408 172 -0.665223
00000912 34 167 -0.689632
00000912 600 4 -0.729408
00000912 712 804 -0.74389
00000912 388 956 -0.756637
00000912 980 956 -0.757447
00000912 507 576 -0.76527
00000912 714 925 -0.791319
00000912 482 555 -0.79327
00000912 385 26 -0.796162
00000912 269 116 -0.830791
00000912 491 960 -0.836579
00000912 197 1006 -0.854123
00000912 416 833 -0.85929
00000912 655 956 -0.921724
00000912 595 192 -0.949633
00000912 320 78 -0.982442
00000912 1004 876 -1.00708
00000912 580 916 -1.00768
00000912 424 227 -1.0197
00000912 613 595 -1.02821
00000926 581 379 0.599541
00000926 804 432 0.569241
00000926 532 380 0.0244875
00000926 645 453 -0.307155
00000926 575 364 -0.345365
00000926 758 723 -0.428081
00000926 560 372 -0.468533
00000926 824 748 -0.502075
00000926 802 359 -0.587672
00000926 556 802 -0.651995
00000926 536 620 -0.760407
00000926 535 818 -0.799525
00000926 796 823 -0.814207
00000926 756 540 -0.853428
00000926 840 68 -0.883114
00000926 772 732 -0.96521
00000926 723 704 -1.00478
00000926 786 828 -1.01643
00000926 546 723 -1.02942
00000926 822 526 -1.04169
00000930 411 210 0.936577
00000930 510 514 0.583521
00000930 385 201 0.524807
00000930 540 564 0.154442
00000930 172 4 0.129395
00000930 231 625 -0.0925128
00000930 859 730 -0.170125
00000930 107 810 -0.186978
00000930 114 771 -0.227285
00000930 308 244 -0.342974
00000930 158 175 -0.42169
00000930 124 905 -0.463475
00000930 701 939 -0.54014
00000930 716 932 -0.560202
00000930 467 989 -0.566738
00000930 289 955 -0.63141
00000930 551 951 -0.658084
00000930 200 36 -0.674538
00000930 796 818 -0.681382
00000930 132 560 -0.724118
00000930 347 1011 -0.740734
00000930 638 675 -0.768545
00000930 413 997 -0.813784
00000930 320 999 -0.820086
00000930 469 284 -0.835453
00000930 458 235 -0.866753
00000930 216 241 -0.877954
00000930 100 736 -0.879342
00000930 939 5 -0.901928
00000930 372 984 -0.912976
00000930 261 482 -0.923741
00000930 4 739 -0.924156
00000930 704 896 -0.985106
00000930 201 512 -0.995104
00000930 604 647 -1.01437
00000930 428 979 -1.01815
00000933 218 201 0.458076
00000933 4 32 -0.973253
00000933 902 849 -0.998439
00000935 566 182 0.373494
00000935 384 716 -0.020687
00000935 359 428 -0.0598398
00000935 408 497 -0.131942
00000935 4 943 -0.204926
00000935 574 275 -0.24912
00000935 4 30 -0.42117
00000935 226 575 -0.473771
00000935 480 934 -0.55814
00000935 348 748 -0.570128
00000935 592 951 -0.649771
00000935 252 87 -0.651442
00000935 508 964 -0.722521
00000935 570 784 -0.753113
00000935 298 716 -0.768713
00000935 480 881 -0.825758
00000935 436 680 -0.898294
00000935 124 812 -0.941588
00000935 4 812 -1.02877
00000936 188 741 0.244685
00000936 948 752 -0.239933
00000936 5 733 -0.586926
00000936 320 782 -0.662758
00000936 940 956 -0.865558
00000936 47 216 -0.957701
00000936 796 960 -0.977258
00000936 4 87 -1.04309
00000946 108 564 1.48238
00000946 100 585 -0.794737
00000946 638 12 -0.887045
00000946 123 546 -0.936811
00000948 137 684 0.61179
00000948 182 251 0.339232
00000948 172 328 0.0892251
00000948 36 955 -0.0113345
00000948 64 41 -0.113127
00000948 4 780 -0.114653
00000948 152 132 -0.116262
00000948 201 280 -0.682076
00000948 5 601 -0.903918
00000948 231 4 -0.906066
00000948 184 38 -0.984599
00000948 289 87 -0.98792
00000948 5 928 -1.00732
00000948 480 575 -1.01028
00000948 241 1004 -1.02683
00000958 162 810 1.25105
00000958 222 330 -0.0864439
00000958 261 124 -0.39685
00000958 404 785 -0.398678
00000958 497 107 -0.49033
00000958 38 398 -0.870379
00000958 675 385 -0.911772
00000958 252 151 -0.937527
00000982 692 204 -0.115751
00000982 753 132 -0.689602
00000982 775 655 -0.751189
00000982 244 588 -0.822863
00000982 758 156 -0.946706
00000984 544 655 0.0139701
00000984 724 968 -0.52458
00000984 822 969 -0.703005
00000984 844 428 -1.02322
00000989 986 52 1.19588
00000989 812 428 -0.778666
00000989 748 14 -0.864057
00000989 428 340 -0.943168
00000989 836 68 -1.01897
00000995 464 807 0.183808
00000995 652 260 -0.677843
00000995 596 340 -0.728511
00000995 595 38 -0.741249
00000995 733 416 -0.833862
00000995 980 780 -0.863074
00000995 604 720 -0.907637
00000995 524 284 -0.968476
00000995 788 100 -1.00703
00000995 708 524 -1.04108
00000999 764 444 -0.00556572
00000999 955 64 -0.163252
00000999 892 272 -0.186494
00000999 964 108 -0.438428
00000999 813 473 -0.492699
00000999 773 389 -0.632099
00000999 812 436 -0.66712
00000999 347 4 -0.876551
00000999 861 98 -1.02843
00000999 828 232 -1.03233
00001016 601 533 0.327616
00001016 600 516 0.262989
00001016 640 438 0.0682602
00001016 881 374 -0.120069
00001016 564 480 -0.227225
00001016 745 518 -0.372927
00001016 851 364 -0.441605
00001016 436 4 -0.488397
00001016 668 340 -0.50723
00001016 884 484 -0.686446
00001016 372 4 -0.686541
00001016 916 228 -0.703073
00001016 561 454 -0.713841
00001016 941 307 -0.751939
00001016 664 359 -0.859958
00001016 532 408 -0.911817
00001016 108 872 -0.947406
00001016 553 493 -0.990649
00001021 996 404 0.107404
00001021 930 270 -0.150007
00001021 913 543 -0.348319
00001021 304 171 -0.633551
00001021 508 900 -0.644534
00001021 12 535 -0.782214
00001021 659 353 -0.835658
00001021 998 655 -0.944153
00001021 692 908 -0.956357
00001021 647 338 -0.964236
00001021 276 396 -0.968065
00001024 810 484 2.92329
00001024 753 192 -0.483936
00001024 158 544 -0.785668
00001024 316 47 -0.855331
00001024 507 4 -0.891831
00001024 997 537 -1.04385
00001024 236 172 -1.04836
00001029 179 480 0.166877
00001029 368 476 0.131363
00001029 748 792 0.0858681
00001029 169 895 -0.173743
00001029 775 587 -0.181842
00001029 501 765 -0.295552
00001029 87 877 -0.353037
00001029 372 420 -0.450545
00001029 44 482 -0.466878
00001029 644 724 -0.657674
00001029 813 987 -0.679147
00001029 372 340 -0.682863
00001029 4 308 -0.744226
00001029 916 716 -0.805873
00001029 183 978 -0.822545
00001029 507 654 -0.965059
00001029 210 904 -0.986583
00001029 352 748 -0.993454
00001029 374 353 -1.02149
00001029 335 804 -1.02738
00001029 776 948 -1.04608
00001031 784 292 1.2886
00001031 196 568 0.928687
00001031 813 399 0.707297
00001031 754 218 0.0874833
00001031 842 123 -0.568604
00001031 851 157 -0.641474
00001031 801 390 -0.773035
00001031 877 220 -0.852774
00001039 578 261 1.94023
00001039 380 508 1.65791
00001041 204 28 1.68441
00001044 750 883 0.577433
00001044 896 836 0.529725
00001044 608 876 -0.711313
00001044 684 997 -0.815838
00001044 902 839 -1.02465
00001054 917 758 0.525293
00001054 868 908 -0.109521
00001054 844 908 -0.888558
00001054 476 684 -0.922459
00001054 490 675 -0.971856
00001054 960 940 -0.976221
00001054 810 994 -1.03087
00001069 633 680 0.353019
00001069 849 659 -0.476906
00001069 844 648 -0.581903
00001069 611 546 -0.825972
00001069 493 617 -0.992027
00001076 906 389 1.46508
00001076 776 496 0.132281
00001076 657 197 -0.348396
00001076 902 311 -0.629704
00001076 654 216 -0.664417
00001076 900 380 -0.823937
00001076 900 292 -0.968694
00001076 677 364 -1.02677
00001091 946 666 0.849447
00001091 488 741 0.760379
00001091 776 261 0.387834
00001091 560 767 0.228062
00001091 554 628 -0.0488253
00001091 804 574 -0.0665593
00001091 714 241 -0.490479
00001091 620 123 -0.566271
00001091 923 828 -0.577498
00001091 408 832 -0.639084
00001091 583 510 -0.733376
00001091 765 701 -0.82188
00001091 870 844 -0.832571
00001091 820 248 -0.851315
00001091 733 881 -0.895661
00001091 772 588 -0.898325
00001091 629 427 -0.948563
00001091 976 47 -0.964836
00001091 578 883 -0.970111
00001091 652 268 -0.980739
00001091 666 831 -0.986008
00001091 744 237 -1.01582
00001091 702 872 -1.03654
00001112 546 344 0.318907
00001112 533 744 0.227692
00001112 482 597 -0.200438
00001112 707 351 -0.626817
00001112 543 712 -0.897355
00001112 941 160 -0.983612
00001112 433 810 -1.00745
00001128 123 467 0.717189
00001128 261 68 0.580883
00001128 308 140 0.201855
00001128 300 118 -0.0303958
00001128 928 36 -0.259592
00001128 184 396 -0.416947
00001128 175 433 -0.41995
00001128 793 214 -0.468423
00001128 786 232 -0.561074
00001128 896 171 -0.698449
00001128 324 796 -0.806787
00001128 184 580 -0.81321
00001128 844 84 -0.81799
00001128 604 321 -0.865275
00001128 907 290 -0.88609
00001128 916 304 -0.891822
00001128 684 359 -0.918052
00001128 321 659 -0.923319
00001128 804 16 -0.934579
00001128 700 108 -0.936602
00001128 716 4 -0.944935
00001128 592 271 -1.00504
00001128 556 4 -1.01071
00001133 100 664 1.06628
00001133 304 844 0.198642
00001133 38 938 -0.0590027
00001133 836 501 -0.364189
00001133 84 672 -0.46655
00001133 824 332 -0.589768
00001133 153 649 -0.6818
00001133 788 248 -0.828116
00001133 776 428 -0.886691
00001133 704 329 -0.899255
00001133 148 708 -0.910474
00001133 781 269 -1.01703
00001135 938 81 0.177853
00001135 362 147 -0.0698411
00001135 195 100 -0.470627
00001135 380 52 -0.550575
00001135 712 68 -0.588942
00001135 812 72 -0.917862
00001135 951 197 -0.918324
00001135 533 68 -0.944816
00001135 554 79 -0.954807
00001135 900 68 -1.03411
00001135 395 36 -1.03465
00001155 364 16 0.806737
00001155 364 42 0.295831
00001155 406 116 -0.337428
00001155 510 184 -0.400668
00001155 448 964 -0.41812
00001155 330 158 -0.448609
00001155 452 148 -0.595164
00001155 491 156 -0.761037
00001155 497 221 -0.89931
00001155 477 152 -0.919155
00001155 484 47 -0.921342
00001155 445 955 -1.02602
00001166 501 411 0.267574
00001166 347 171 -0.225614
00001166 509 147 -0.568688
00001166 930 664 -0.634954
00001166 484 412 -0.770175
00001166 910 152 -0.799419
00001166 177 408 -0.927713
00001166 192 81 -0.942022
00001166 355 4 -0.978486
00001166 956 752 -1.00601
00001167 660 544 1.07587
00001167 823 976 0.906344
00001167 733 360 0.125499
00001167 758 4 -0.751207
00001167 533 533 -0.762563
00001167 828 964 -0.763584
00001167 424 411 -0.819673
00001167 724 420 -0.830548
00001167 197 758 -0.954979
00001167 79 501 -1.00008
00001167 782 930 -1.01619
00001180 271 119 2.36046
00001180 408 615 2.10397
00001180 279 174 0.385454
00001180 265 221 -0.0750813
00001180 444 324 -0.227161
00001180 344 300 -0.290291
00001180 268 164 -0.411849
00001180 522 506 -0.562897
00001180 604 708 -0.845942
00001206 969 542 1.00289
00001206 988 588 -0.25339
00001206 870 77 -0.775079
00001206 986 701 -0.785345
00001206 999 369 -0.823413
00001206 938 698 -0.842171
00001206 964 758 -0.967735
00001208 698 561 0.482439
00001208 849 854 -0.447873
00001208 784 990 -0.974462
00001211 994 630 0.459466
00001211 997 490 -0.610096
00001211 870 279 -0.817384
00001211 881 216 -0.911892
00001211 715 154 -0.942288
00001211 986 68 -1.00297
00001211 881 320 -1.00323
00001211 956 532 -1.02632
00001223 542 675 0.16704
00001223 103 802 -0.717301
00001223 28 564 -0.904833
00001223 916 500 -0.934126
00001223 553 728 -0.998754
00001223 15 733 -1.00355
00001234 724 471 0.467347
00001234 516 692 -0.41069
00001234 763 83 -0.629435
00001234 510 741 -0.769862
00001234 4 210 -0.787573
00001234 428 807 -0.982277
00001234 5 686 -1.01808
00001251 355 784 1.63297
00001251 141 981 -0.411725
00001251 310 989 -0.54896
00001251 353 895 -0.628462
00001251 212 756 -0.645887
00001251 923 680 -0.698836
00001251 758 611 -0.752149
00001251 836 998 -0.82252
00001251 715 244 -1.02609
00001251 655 900 -1.03805
00001259 698 325 0.707654
00001259 881 487 -0.261486
00001259 192 107 -0.494622
00001259 886 666 -0.746782
00001259 4 385 -0.758824
00001259 864 644 -0.762543
00001259 870 364 -0.768191
00001259 362 358 -0.813229
00001259 896 851 -0.890616
00001259 886 776 -0.9324
00001259 891 822 -0.936694
00001259 808 284 -0.966447
00001259 733 512 -1.00647
00001259 892 612 -1.00811
00001259 1004 252 -1.01327
00001269 201 377 0.430136
00001269 167 428 -0.212492
00001269 4 236 -0.620778
00001269 675 317 -0.654728
00001269 201 339 -1.00611
