00000000 551 930 -0.202445
00000000 574 1001 -0.505725
00000000 55 990 -0.653948
00000000 268 116 -0.729216
00000000 364 981 -0.978362
00000002 438 950 -0.152989
00000002 910 714 -0.258686
00000002 404 916 -0.323388
00000002 454 32 -0.632938
00000002 767 475 -0.728754
00000002 284 252 -0.739329
00000002 836 630 -0.763376
00000002 347 433 -0.815085
00000002 436 920 -0.98784
00000002 381 721 -0.99652
00000002 657 611 -1.03947
00000002 914 257 -1.04909
00000006 25 330 0.352912
00000006 156 188 -0.410647
00000006 30 201 -0.454262
00000006 121 174 -0.500657
00000006 21 728 -0.669105
00000006 81 342 -0.832729
00000006 4 699 -0.839585
00000006 12 292 -1.01042
00000035 703 621 1.18352
00000035 68 666 0.915058
00000035 507 329 0.0962934
00000035 59 638 -0.578937
00000035 5 406 -0.660883
00000035 45 445 -0.74064
00000035 452 996 -0.960621
00000035 372 708 -1.0116
00000035 404 508 -1.01796
00000035 40 476 -1.03564
00000040 300 374 0.335346
00000040 295 424 0.278689
00000040 416 490 0.0439925
00000040 484 647 -0.248539
00000040 458 415 -0.288296
00000040 476 592 -0.521424
00000040 226 260 -0.585383
00000040 260 500 -0.658189
00000040 460 900 -0.687685
00000040 310 512 -0.752841
00000040 304 870 -0.87975
00000040 467 531 -0.937918
00000040 492 708 -0.959926
00000040 433 111 -0.99142
00000040 244 420 -1.03454
00000060 482 960 -0.150637
00000060 240 458 -0.707539
00000060 604 948 -0.751489
00000060 544 411 -0.785241
00000060 496 5 -0.811447
00000060 300 980 -0.858145
00000060 536 428 -0.927331
00000060 150 295 -0.992148
00000060 748 756 -0.997429
00000070 580 316 0.526284
00000070 564 216 0.175261
00000070 484 741 -0.508574
00000070 312 158 -0.625168
00000070 236 588 -0.649231
00000070 956 433 -0.725585
00000070 332 881 -0.939704
00000070 287 338 -1.02419
00000076 996 524 1.12928
00000076 996 496 0.928614
00000076 664 453 -0.0863932
00000076 728 457 -0.4119
00000076 828 496 -0.545833
00000076 989 920 -0.903741
00000076 670 511 -0.917361
00000076 788 436 -0.993857
00000097 715 900 0.518016
00000097 723 944 0.108163
00000097 733 886 -0.350786
00000097 902 179 -0.530704
00000097 776 882 -0.610444
00000097 965 205 -0.648365
00000097 828 949 -0.652652
00000097 707 921 -0.721729
00000097 997 271 -0.741148
00000097 765 981 -0.785175
00000097 860 992 -0.860326
00000097 807 928 -0.927377
00000097 4 813 -0.956256
00000097 849 974 -1.00676
00000124 132 284 0.197037
00000124 244 208 -0.0732438
00000124 164 980 -0.272823
00000124 362 68 -0.307333
00000124 335 36 -0.373218
00000124 822 517 -0.386279
00000124 110 142 -0.47008
00000124 132 436 -0.503627
00000124 192 221 -0.53795
00000124 184 351 -0.587822
00000124 276 692 -0.624057
00000124 116 760 -0.625231
00000124 790 179 -0.729891
00000124 420 812 -0.792446
00000124 243 362 -0.794218
00000124 364 107 -0.821333
00000124 308 28 -0.828848
00000124 362 565 -0.829213
00000124 891 4 -0.838667
00000124 998 244 -0.846653
00000124 192 428 -0.853253
00000124 802 147 -0.854505
00000124 285 940 -0.866278
00000124 148 92 -0.875398
00000124 164 172 -0.898176
00000124 396 868 -0.905983
00000124 348 864 -0.911719
00000124 292 468 -0.912946
00000124 252 964 -0.936244
00000124 218 595 -0.981863
00000124 300 182 -0.984082
00000124 124 724 -0.993096
00000124 107 986 -1.00818
00000124 116 880 -1.02844
00000124 796 176 -1.03138
00000124 395 633 -1.04515
00000138 932 294 2.11555
00000138 916 280 -0.27041
00000138 955 306 -0.525607
00000138 684 137 -0.796376
00000138 743 369 -0.825302
00000138 733 935 -0.858834
00000138 868 785 -0.942052
00000138 842 970 -1.00931
00000148 638 374 2.42257
00000148 131 205 1.1114
00000148 184 153 0.843651
00000148 175 141 -0.178819
00000148 252 59 -0.436819
00000148 524 432 -0.523282
00000148 261 150 -0.616407
00000148 252 12 -0.628953
00000148 533 443 -0.893101
00000148 81 167 -0.946136
00000148 248 100 -0.966705
00000148 940 315 -0.988457
00000148 972 60 -0.989093
00000148 1004 240 -1.00868
00000148 973 295 -1.0173
00000148 4 252 -1.04558
00000150 427 443 2.15693
00000150 840 330 1.73165
00000150 312 137 1.0523
00000150 231 73 0.930314
00000150 570 758 -0.108366
00000150 508 636 -0.310884
00000150 585 733 -0.431856
00000150 68 5 -0.523297
00000150 300 48 -0.59235
00000150 4 36 -0.594726
00000150 236 148 -0.63689
00000150 339 393 -0.683605
00000150 930 150 -0.699125
00000150 812 265 -0.735394
00000150 574 647 -0.769366
00000150 304 148 -0.777799
00000150 343 696 -0.781987
00000150 509 978 -0.795652
00000150 561 788 -0.804111
00000150 380 180 -0.839794
00000150 822 782 -0.903529
00000150 459 796 -0.961688
00000150 596 108 -0.986008
00000150 606 126 -1.00988
00000150 796 228 -1.01754
00000150 596 788 -1.03276
00000150 454 18 -1.0405
00000166 311 89 -0.11684
00000166 921 883 -0.547019
00000166 320 541 -0.67315
00000166 564 538 -0.789882
00000166 211 827 -0.792437
00000166 362 22 -0.884315
00000166 482 588 -0.89138
00000166 576 68 -0.935873
00000166 372 648 -0.947154
00000166 348 120 -0.963434
00000166 891 910 -0.999741
00000180 369 763 1.33953
00000180 767 583 1.13113
00000180 948 516 0.529924
00000180 785 794 -0.385405
00000180 1004 540 -0.446434
00000180 793 750 -0.447352
00000180 836 870 -0.487634
00000180 773 846 -0.488326
00000180 951 818 -0.613648
00000180 828 920 -0.676703
00000180 828 968 -0.688157
00000180 881 469 -0.730865
00000180 913 793 -0.745094
00000180 724 988 -0.785305
00000180 635 423 -0.817403
00000180 870 818 -0.837807
00000180 374 79 -0.88152
00000180 934 485 -0.966036
00000180 900 536 -0.975011
00000190 508 520 0.978974
00000190 574 647 0.893137
00000190 507 492 0.872058
00000190 845 252 0.871182
00000190 416 168 0.0302594
00000190 475 184 -0.410257
00000190 496 501 -0.47739
00000190 546 556 -0.538311
00000190 992 124 -0.704109
00000190 575 802 -0.791857
00000190 454 491 -0.804763
00000190 938 38 -0.847195
00000191 136 348 0.732523
00000191 44 83 -0.400718
00000191 50 565 -0.656761
00000191 251 93 -0.74073
00000191 133 151 -0.861865
00000191 388 484 -0.926477
00000191 381 399 -0.93646
00000191 121 5 -0.983815
00000191 172 508 -0.994111
00000191 32 188 -1.0122
00000199 381 287 1.14858
00000199 390 234 0.630444
00000199 484 295 0.0216189
00000199 596 290 -0.0588774
00000199 337 395 -0.0950472
00000199 406 459 -0.226343
00000199 438 413 -0.252298
00000199 404 440 -0.40786
00000199 533 274 -0.473356
00000199 192 822 -0.479813
00000199 372 167 -0.5581
00000199 340 140 -0.653271
00000199 611 353 -0.675872
00000199 180 828 -0.676125
00000199 335 514 -0.857692
00000199 310 507 -0.917904
00000199 554 195 -0.958911
00000199 454 188 -0.980343
00000210 510 990 0.26841
00000210 162 605 0.083755
00000210 103 576 -0.0579969
00000210 505 604 -0.113328
00000210 979 379 -0.324911
00000210 526 600 -0.347836
00000210 467 904 -0.420916
00000210 908 510 -0.472928
00000210 184 385 -0.573263
00000210 452 372 -0.575708
00000210 200 604 -0.592357
00000210 588 652 -0.592971
00000210 856 500 -0.616541
00000210 475 775 -0.628739
00000210 96 188 -0.629371
00000210 677 793 -0.64117
00000210 628 891 -0.670157
00000210 412 300 -0.688806
00000210 444 340 -0.690334
00000210 756 492 -0.699698
00000210 990 741 -0.711971
00000210 576 802 -0.724634
00000210 76 676 -0.728634
00000210 160 459 -0.731039
00000210 369 576 -0.732124
00000210 606 522 -0.747623
00000210 228 324 -0.756453
00000210 553 990 -0.777166
00000210 116 316 -0.78231
00000210 519 886 -0.782859
00000210 560 788 -0.78869
00000210 34 403 -0.788917
00000210 655 711 -0.790205
00000210 445 785 -0.802175
00000210 280 487 -0.819287
00000210 493 403 -0.820485
00000210 448 628 -0.832267
00000210 673 210 -0.870215
00000210 291 793 -0.902714
00000210 132 300 -0.906083
00000210 948 788 -0.914722
00000210 487 546 -0.916049
00000210 105 891 -0.92383
00000210 940 704 -0.923878
00000210 828 724 -0.958019
00000210 561 655 -0.960302
00000210 932 730 -0.962555
00000210 664 741 -0.984849
00000210 561 711 -0.993519
00000210 748 976 -0.998702
00000210 320 329 -1.00074
00000210 41 225 -1.00312
00000210 147 674 -1.00368
00000210 468 424 -1.00505
00000210 448 384 -1.01612
00000210 656 796 -1.02232
00000210 877 427 -1.02451
00000210 174 707 -1.03228
00000210 418 650 -1.03338
00000210 464 225 -1.04213
00000229 861 394 -0.340947
00000229 881 284 -0.643775
00000229 878 252 -0.752366
00000229 881 310 -0.766636
00000229 886 744 -0.810332
00000229 870 278 -0.932872
00000229 876 404 -1.02187
00000229 887 930 -1.04662
00000237 72 196 1.94473
00000237 78 78 1.04818
00000237 42 210 0.877066
00000237 4 133 0.167407
00000237 73 216 -0.150095
00000237 132 241 -0.27245
00000237 585 680 -0.298336
00000237 778 743 -0.392434
00000237 123 517 -0.540333
00000237 743 979 -0.597219
00000237 569 666 -0.628885
00000237 812 484 -0.677565
00000237 120 44 -0.821951
00000237 721 725 -0.887492
00000237 625 753 -0.925188
00000237 4 44 -0.967521
00000237 271 137 -0.968881
00000237 260 148 -1.03817
00000249 657 18 1.02075
00000249 937 519 -0.00555134
00000249 780 316 -0.213369
00000249 881 428 -0.383548
00000249 904 201 -0.538469
00000249 902 374 -0.54656
00000249 4 231 -0.726728
00000249 868 176 -0.761674
00000249 988 248 -0.815972
00000249 652 948 -0.890719
00000249 116 712 -0.978977
00000251 720 100 0.7467
00000251 921 184 0.152573
00000251 728 131 -0.00588846
00000251 137 491 -0.0357985
00000251 782 142 -0.0419538
00000251 221 29 -0.101191
00000251 379 965 -0.254645
00000251 300 596 -0.379641
00000251 762 114 -0.489569
00000251 1006 418 -0.509057
00000251 690 295 -0.516053
00000251 385 501 -0.523681
00000251 428 162 -0.561687
00000251 204 324 -0.584605
00000251 270 334 -0.61748
00000251 132 480 -0.622369
00000251 812 290 -0.637323
00000251 4 688 -0.681281
00000251 871 300 -0.693532
00000251 632 780 -0.73442
00000251 960 427 -0.74794
00000251 404 452 -0.762676
00000251 132 960 -0.780567
00000251 126 902 -0.81146
00000251 316 356 -0.842998
00000251 348 416 -0.859498
00000251 19 93 -0.85997
00000251 792 116 -0.87978
00000251 428 52 -0.885679
00000251 132 379 -0.910312
00000251 124 218 -0.924742
00000251 694 487 -0.929339
00000251 664 124 -0.944435
00000251 428 228 -0.950851
00000251 758 151 -0.974942
00000251 699 389 -1.04917
00000259 780 56 1.16186
00000259 93 123 -0.123835
00000259 786 63 -0.434905
00000259 620 169 -0.562231
00000259 508 200 -0.666032
00000259 253 5 -0.809972
00000259 638 307 -0.850577
00000259 877 436 -0.883516
00000259 87 78 -0.886754
00000259 564 228 -0.949188
00000259 848 420 -1.02179
00000264 584 796 2.12409
00000264 576 585 1.683
00000264 796 624 1.47668
00000264 796 591 1.227
00000264 681 518 0.572546
00000264 424 204 0.535425
00000264 88 64 0.433297
00000264 90 677 0.292843
00000264 4 335 0.0820823
00000264 664 849 -0.0466274
00000264 171 201 -0.101607
00000264 760 836 -0.289394
00000264 400 212 -0.343091
00000264 182 172 -0.409926
00000264 298 877 -0.507747
00000264 881 886 -0.552218
00000264 396 268 -0.579175
00000264 4 424 -0.666735
00000264 860 892 -0.685328
00000264 81 42 -0.701268
00000264 36 88 -0.701454
00000264 270 257 -0.749468
00000264 332 788 -0.797819
00000264 332 832 -0.833867
00000264 131 189 -0.869354
00000264 338 660 -0.895738
00000264 304 300 -0.913987
00000264 289 859 -0.928014
00000264 184 1002 -0.939644
00000264 674 837 -0.961154
00000264 956 516 -0.987787
00000264 372 4 -0.991616
00000264 388 880 -1.0215
00000264 491 932 -1.02935
00000264 469 997 -1.04873
00000270 635 24 0.304729
00000270 556 28 -0.0470351
00000270 311 5 -0.750613
00000308 851 827 0.425
00000308 744 776 -0.698111
00000308 676 44 -1.01271
00000308 842 723 -1.03556
00000316 476 164 0.770493
00000316 551 32 0.553568
00000316 564 469 -0.172927
00000316 758 398 -0.177422
00000316 458 484 -0.228934
00000316 921 604 -0.412803
00000316 972 612 -0.528411
00000316 753 349 -0.556449
00000316 212 284 -0.579813
00000316 418 325 -0.799345
00000316 340 372 -0.831205
00000316 668 332 -0.850374
00000316 870 261 -0.954242
00000316 780 596 -0.981368
00000316 812 477 -1.03608
00000320 621 651 1.67434
00000320 124 284 0.122429
00000320 174 105 0.0880018
00000320 145 390 0.0394461
00000320 226 100 0.0139052
00000320 226 398 -0.013244
00000320 368 300 -0.0866505
00000320 184 717 -0.0989097
00000320 884 228 -0.327127
00000320 163 142 -0.544154
00000320 543 754 -0.659672
00000320 364 820 -0.679853
00000320 120 372 -0.729271
00000320 270 381 -0.733617
00000320 79 290 -0.739396
00000320 413 792 -0.796173
00000320 844 493 -0.843061
00000320 740 852 -0.941273
00000320 148 148 -0.94282
00000320 168 5 -0.962454
00000320 716 640 -0.978958
00000320 379 172 -1.01508
00000320 107 471 -1.0223
00000320 179 374 -1.02626
00000329 300 701 1.66636
00000329 418 859 1.41215
00000329 160 514 1.29025
00000329 160 238 1.21315
00000329 201 214 1.11776
00000329 205 253 0.971282
00000329 853 184 0.953851
00000329 260 216 0.776922
00000329 870 248 0.515359
00000329 987 317 0.464291
00000329 280 202 -0.713123
00000329 292 692 -0.821361
00000329 237 232 -0.860701
00000329 22 165 -0.939068
00000329 379 236 -1.04708
00000337 864 236 1.70227
00000337 817 684 1.21213
00000337 924 808 0.668262
00000337 453 625 0.597206
00000337 988 924 0.169412
00000337 248 89 0.109812
00000337 5 680 -0.0265529
00000337 390 188 -0.325629
00000337 776 884 -0.425199
00000337 657 252 -0.48729
00000337 934 432 -0.584408
00000337 100 311 -0.68815
00000337 4 881 -0.722256
00000337 52 892 -0.76656
00000337 432 636 -0.795792
00000337 28 508 -0.812224
00000337 649 31 -0.813402
00000337 715 578 -0.837087
00000337 786 364 -0.866738
00000337 596 152 -0.869311
00000337 998 4 -0.873815
00000337 452 1004 -0.876969
00000337 158 237 -0.883835
00000337 327 923 -0.886866
00000337 572 944 -0.890299
00000337 796 934 -0.890966
00000337 72 312 -0.908511
00000337 670 657 -0.919627
00000337 330 886 -0.934293
00000337 464 923 -0.939237
00000337 21 724 -0.95195
00000337 501 575 -0.972025
00000337 832 83 -1.00128
00000337 660 232 -1.03132
00000337 220 924 -1.03887
00000344 416 448 -0.114442
00000344 227 510 -0.444269
00000344 450 647 -0.700371
00000344 467 660 -0.731556
00000344 241 521 -0.752911
00000344 544 278 -0.891112
00000344 227 561 -1.00123
00000344 353 427 -1.02603
00000344 501 647 -1.03031
00000354 296 548 1.80064
00000354 356 28 1.37645
00000354 404 76 -0.0378454
00000354 861 763 -0.215404
00000354 358 36 -0.397732
00000354 300 554 -0.697404
00000354 167 861 -0.699993
00000354 205 997 -0.777106
00000354 340 952 -0.80994
00000354 218 844 -0.837982
00000354 220 876 -0.840462
00000354 269 733 -0.875498
00000354 420 340 -0.898358
00000354 252 730 -0.93458
00000354 64 870 -0.935137
00000354 468 356 -0.95222
00000354 280 664 -1.03462
00000354 326 362 -1.04073
00000354 307 666 -1.0456
00000378 484 692 0.674378
00000378 404 644 0.0801666
00000378 444 688 -0.515744
00000378 260 660 -0.857714
00000378 168 524 -0.986556
00000385 226 379 2.12508
00000385 21 55 0.316224
00000404 64 692 1.58557
00000404 493 977 0.189576
00000404 621 248 -0.0383092
00000404 647 698 -0.268956
00000404 4 576 -0.441581
00000404 468 996 -0.491196
00000404 235 891 -0.506928
00000404 606 818 -0.58915
00000404 270 938 -0.616414
00000404 636 764 -0.677562
00000404 519 785 -0.72207
00000404 492 989 -0.740582
00000404 116 818 -0.789998
00000404 491 877 -0.801816
00000404 369 950 -0.804411
00000404 932 460 -0.882277
00000404 660 732 -0.978038
00000404 180 400 -0.989512
00000404 684 844 -0.991134
00000404 320 477 -1.02266
00000404 4 25 -1.0267
00000404 564 908 -1.04035
00000417 868 704 1.58084
00000417 404 324 0.0893941
00000417 960 464 -0.165603
00000417 326 712 -0.238913
00000417 955 15 -0.333499
00000417 107 741 -0.425146
00000417 775 68 -0.679827
00000417 359 709 -0.806496
00000417 225 643 -0.840929
00000417 732 32 -1.00883
00000418 555 353 0.508167
00000418 570 304 0.343514
00000418 540 900 -0.507173
00000418 564 332 -0.527853
00000418 280 317 -0.620198
00000418 312 531 -0.767643
00000418 566 339 -0.976086
00000418 353 730 -1.04286
00000423 707 883 0.558834
00000423 22 831 0.475359
00000423 720 852 -0.410003
00000423 5 237 -0.466975
00000423 700 108 -0.525312
00000423 553 55 -0.562164
00000423 540 84 -0.584271
00000423 172 164 -0.862372
00000423 60 172 -0.989753
00000423 564 4 -1.03691
00000423 381 105 -1.04422
00000423 364 38 -1.04566
00000445 940 692 0.955988
00000445 913 453 -0.187817
00000445 924 676 -0.681971
00000445 870 564 -0.718951
00000445 888 452 -0.806227
00000459 753 353 -1.02146
00000459 617 575 -1.02262
00000463 356 68 1.57968
00000463 200 140 1.50801
00000463 681 385 1.08093
00000463 628 732 0.581811
00000463 406 100 0.429727
00000463 638 214 0.411356
00000463 541 290 0.2954
00000463 675 36 0.181832
00000463 374 232 0.0603513
00000463 638 712 0.0276349
00000463 978 4 0.0208414
00000463 295 758 0.0146936
00000463 923 474 -0.113572
00000463 41 509 -0.214458
00000463 398 90 -0.264145
00000463 372 160 -0.465034
00000463 692 740 -0.523875
00000463 89 527 -0.567701
00000463 612 688 -0.569282
00000463 284 632 -0.595768
00000463 634 326 -0.635052
00000463 923 332 -0.65635
00000463 507 241 -0.656417
00000463 941 105 -0.705558
00000463 792 380 -0.712398
00000463 501 279 -0.742257
00000463 930 866 -0.750296
00000463 684 4 -0.762623
00000463 739 997 -0.77927
00000463 76 532 -0.788122
00000463 235 896 -0.843603
00000463 976 770 -0.864316
00000463 316 100 -0.877952
00000463 98 664 -0.880235
00000463 979 462 -0.889976
00000463 248 416 -0.903201
00000463 910 162 -0.913244
00000463 693 225 -0.919775
00000463 507 211 -0.920761
00000463 369 408 -0.921223
00000463 92 884 -0.936851
00000463 251 487 -0.948168
00000463 924 988 -0.948718
00000463 84 412 -0.958965
00000463 196 162 -0.971892
00000463 812 162 -0.972871
00000463 877 721 -0.986667
00000463 964 1000 -1.00587
00000463 206 275 -1.01814
00000463 748 385 -1.0339
00000463 92 180 -1.03535
00000486 692 388 2.09506
00000486 976 612 -0.129216
00000486 236 588 -0.321161
00000486 165 611 -0.564984
00000488 904 433 0.754647
00000488 796 406 0.619594
00000488 501 248 0.469427
00000488 891 310 0.396803
00000488 972 444 0.197994
00000488 851 290 0.167797
00000488 585 258 -0.154313
00000488 507 132 -0.17754
00000488 670 321 -0.181378
00000488 948 436 -0.260937
00000488 960 427 -0.313523
00000488 468 84 -0.350972
00000488 804 160 -0.409592
00000488 956 284 -0.414336
00000488 800 396 -0.456438
00000488 536 290 -0.466306
00000488 732 292 -0.517361
00000488 638 270 -0.595551
00000488 543 237 -0.644302
00000488 664 270 -0.646719
00000488 708 276 -0.667549
00000488 457 103 -0.679178
00000488 517 113 -0.733704
00000488 827 287 -0.740015
00000488 572 232 -0.783278
00000488 997 290 -0.827706
00000488 516 92 -0.842902
00000488 753 389 -0.919381
00000488 965 448 -1.02287
00000492 587 252 0.14192
00000492 556 206 -0.337627
00000492 509 252 -0.609635
00000492 832 73 -0.62375
00000492 657 105 -0.745627
00000492 385 448 -0.763449
00000492 491 307 -0.868609
00000492 583 179 -0.882914
00000492 548 936 -0.893614
00000492 554 36 -1.02608
00000494 167 733 0.572594
00000494 215 794 0.196782
00000494 487 487 -0.0701475
00000494 516 508 -0.503575
00000494 225 624 -0.602169
00000494 270 521 -0.657419
00000494 300 733 -0.705002
00000494 196 756 -0.72086
00000494 158 433 -0.810097
00000494 459 575 -0.821789
00000494 172 780 -0.909197
00000494 353 4 -0.95317
00000494 225 776 -0.996828
00000494 482 523 -1.00167
00000494 158 368 -1.04852
00000509 182 472 1.5728
00000509 748 859 1.21608
00000509 132 467 1.11555
00000509 100 321 0.70115
00000509 940 184 0.56704
00000509 179 886 0.559205
00000509 340 188 0.298057
00000509 645 758 0.138844
00000509 167 773 0.102225
00000509 41 712 -0.248886
00000509 684 640 -0.287017
00000509 269 786 -0.302836
00000509 55 553 -0.434112
00000509 782 812 -0.447057
00000509 197 620 -0.47308
00000509 142 519 -0.486629
00000509 804 615 -0.488064
00000509 810 715 -0.722836
00000509 601 606 -0.764856
00000509 270 698 -0.809335
00000509 844 540 -0.829328
00000509 244 737 -0.850545
00000509 132 901 -0.858554
00000509 184 600 -0.908721
00000509 141 827 -0.916328
00000509 310 118 -0.948563
00000509 108 648 -0.970095
00000509 317 91 -0.978831
00000509 1008 343 -0.991708
00000509 517 832 -1.00476
00000509 630 617 -1.03115
00000509 258 638 -1.04815
00000518 20 92 -0.823547
00000518 182 260 -0.846474
00000518 124 201 -0.891689
00000518 160 41 -0.945
00000518 201 280 -1.01857
00000532 718 920 -0.107802
00000532 517 93 -0.182273
00000532 496 132 -0.368891
00000532 482 119 -0.509586
00000532 114 445 -0.565192
00000532 645 965 -0.744104
00000532 537 41 -0.76959
00000532 244 436 -0.795148
00000532 100 64 -0.805898
00000532 544 175 -0.819145
00000532 330 81 -0.856021
00000532 123 270 -0.876782
00000532 620 964 -0.893367
00000532 750 956 -0.896868
00000532 716 172 -0.916346
00000532 195 358 -0.923194
00000532 812 997 -0.934205
00000532 338 175 -0.93819
00000532 14 334 -0.940751
00000532 162 438 -0.944401
00000532 100 800 -0.986445
00000532 244 76 -1.0494
00000567 372 440 2.12234
00000567 424 450 0.530697
00000567 153 754 0.23384
00000567 497 664 -0.432234
00000567 792 467 -0.496336
00000567 381 938 -0.53939
00000567 78 532 -0.60202
00000567 680 343 -0.614897
00000567 340 544 -0.688071
00000567 518 728 -0.737251
00000567 585 237 -0.762495
00000567 428 723 -0.813144
00000567 625 975 -1.01017
00000567 986 79 -1.03581
00000576 565 358 1.72408
00000576 548 172 0.46354
00000576 620 395 0.411758
00000576 660 224 0.202845
00000576 914 344 -0.309132
00000576 733 285 -0.408378
00000576 428 14 -0.668299
00000576 536 403 -0.73228
00000576 215 13 -0.757804
00000576 360 60 -0.765634
00000576 900 96 -0.792394
00000576 647 128 -0.830593
00000576 278 201 -0.857594
00000576 4 676 -0.915954
00000576 739 372 -0.936094
00000576 818 595 -0.947394
00000576 792 285 -0.95747
00000576 820 32 -0.967862
00000576 508 376 -0.987445
00000601 55 342 1.61923
00000601 584 876 1.21964
00000601 552 276 0.867855
00000601 304 148 0.394263
00000601 721 491 0.221136
00000601 791 490 -0.0281927
00000601 564 316 -0.136632
00000601 338 887 -0.15244
00000601 278 34 -0.243891
00000601 556 645 -0.32672
00000601 528 629 -0.329514
00000601 754 490 -0.382275
00000601 507 714 -0.425735
00000601 604 476 -0.427486
00000601 553 780 -0.433015
00000601 823 490 -0.459339
00000601 536 654 -0.472794
00000601 438 891 -0.476277
00000601 812 902 -0.48167
00000601 606 786 -0.623456
00000601 474 691 -0.657807
00000601 407 630 -0.743413
00000601 538 522 -0.754239
00000601 404 666 -0.806551
00000601 400 588 -0.815331
00000601 4 4 -0.829992
00000601 388 364 -0.865169
00000601 861 4 -0.870822
00000601 615 541 -0.871671
00000601 518 673 -0.896045
00000601 390 887 -0.932549
00000601 292 332 -1.00565
00000601 740 468 -1.03701
00000617 768 34 0.254319
00000617 814 30 -0.0596712
00000617 105 26 -0.200091
00000617 856 24 -0.260314
00000617 116 884 -0.268309
00000617 112 940 -0.429622
00000617 741 998 -0.578876
00000617 617 886 -0.590124
00000617 692 920 -0.633941
00000617 901 34 -0.647511
00000617 635 310 -0.968477
00000630 68 807 0.446164
00000630 473 482 -0.384237
00000630 141 441 -0.725066
00000630 620 212 -0.769413
00000630 89 670 -1.03873
00000652 788 812 -0.241383
00000652 681 870 -0.910546
00000652 438 886 -1.01539
00000653 533 723 1.01047
00000653 886 418 0.90207
00000653 571 920 0.577792
00000653 758 840 0.465268
00000653 923 238 0.363842
00000653 689 712 0.0284263
00000653 878 274 -0.22114
00000653 564 732 -0.228893
00000653 571 743 -0.362648
00000653 484 892 -0.479468
00000653 575 258 -0.693471
00000653 740 868 -0.727823
00000653 521 920 -0.823404
00000653 629 886 -0.892041
00000653 251 44 -0.905258
00000653 896 407 -0.955607
00000653 124 891 -1.00987
00000653 251 93 -1.02149
00000653 693 693 -1.03686
00000656 464 501 0.434551
00000656 257 500 0.313864
00000656 543 52 -0.286413
00000656 941 804 -0.295213
00000656 532 152 -0.315722
00000656 195 490 -0.422973
00000656 328 500 -0.432573
00000656 948 420 -0.444482
00000656 4 282 -0.481957
00000656 261 154 -0.528261
00000656 364 290 -0.663477
00000656 288 492 -0.673061
00000656 384 507 -0.678412
00000656 385 485 -0.719962
00000656 304 154 -0.735412
00000656 343 110 -0.774256
00000656 26 284 -0.774951
00000656 861 4 -0.803459
00000656 765 94 -0.82413
00000656 964 388 -0.907579
00000656 635 113 -0.910864
00000656 227 501 -0.911259
00000656 87 82 -0.939132
00000656 818 291 -0.972063
00000656 528 473 -0.973981
00000656 13 110 -1.02123
00000656 201 154 -1.04174
00000656 332 158 -1.04983
00000660 480 780 1.19926
00000660 836 744 1.06443
00000660 424 980 -0.37167
00000660 780 284 -0.429423
00000660 716 764 -0.458189
00000660 887 891 -0.567255
00000660 743 856 -0.632215
00000660 93 236 -0.728307
00000660 776 169 -0.782207
00000660 673 428 -0.792694
00000660 698 141 -0.794741
00000660 427 408 -0.894769
00000660 92 140 -0.89891
00000660 164 236 -0.96041
00000660 188 941 -0.965511
00000660 758 964 -0.998219
00000660 772 96 -1.00964
00000660 758 871 -1.01387
00000660 348 870 -1.04343
00000660 220 644 -1.04487
00000661 487 585 0.180543
00000661 537 588 -0.342417
00000661 4 438 -0.373963
00000661 428 592 -0.45079
00000661 518 433 -0.550171
00000661 407 330 -0.721089
00000661 294 702 -0.820441
00000679 473 859 0.0452939
00000679 976 395 -0.199666
00000679 997 628 -0.20636
00000679 445 868 -0.216059
00000679 676 56 -0.21968
00000679 22 974 -0.322914
00000679 546 541 -0.323766
00000679 955 564 -0.463994
00000679 979 605 -0.588303
00000679 870 438 -0.59659
00000679 332 459 -0.677653
00000679 701 469 -0.725919
00000679 849 399 -0.732903
00000679 832 541 -0.745937
00000679 535 600 -0.788817
00000679 758 458 -0.800338
00000679 860 654 -0.81197
00000679 500 80 -0.812909
00000679 812 59 -0.825527
00000679 606 379 -0.843365
00000679 100 569 -0.843619
00000679 924 472 -0.844434
00000679 652 488 -0.870173
00000679 914 399 -0.923917
00000679 211 975 -0.954553
00000679 684 488 -0.963396
00000679 601 555 -0.96427
00000679 638 554 -0.989359
00000679 408 585 -1.00538
00000679 220 64 -1.01625
00000679 196 600 -1.04841
00000684 154 64 0.792886
00000684 128 141 0.00897345
00000684 4 192 -0.106616
00000684 142 5 -0.984537
00000684 280 243 -1.0143
00000688 792 310 1.05796
00000688 171 38 0.958547
00000688 4 156 -0.0149962
00000688 165 142 -0.0330753
00000688 828 308 -0.215818
00000688 625 38 -0.278824
00000688 608 141 -0.291485
00000688 645 132 -0.293894
00000688 720 853 -0.67392
00000688 344 974 -0.706664
00000688 287 55 -0.732199
00000688 840 932 -0.900468
00000688 252 200 -0.907004
00000688 4 684 -0.934115
00000713 468 16 2.26194
00000713 214 132 1.78786
00000713 492 72 1.01492
00000713 330 271 0.265106
00000713 415 192 -0.0808696
00000713 605 694 -0.191768
00000713 694 615 -0.425879
00000713 349 142 -0.478258
00000713 216 4 -0.614886
00000713 184 132 -0.652008
00000713 831 583 -0.860355
00000713 482 41 -0.869146
00000713 657 454 -1.03809
00000719 533 564 2.09733
00000719 748 132 0.850359
00000719 921 407 0.847159
00000719 820 508 0.819997
00000719 813 142 0.556465
00000719 575 575 0.539484
00000719 741 493 0.459704
00000719 1007 295 0.397865
00000719 972 216 0.390999
00000719 707 364 0.359824
00000719 707 162 0.353502
00000719 868 271 0.314586
00000719 981 415 0.289224
00000719 730 243 0.230133
00000719 844 390 0.210092
00000719 964 172 0.188138
00000719 947 287 0.181111
00000719 764 380 0.152518
00000719 964 535 0.0329099
00000719 585 187 -0.115622
00000719 604 90 -0.15824
00000719 892 156 -0.176493
00000719 895 519 -0.201312
00000719 756 176 -0.206116
00000719 932 480 -0.22781
00000719 786 258 -0.280257
00000719 270 507 -0.311153
00000719 620 588 -0.340185
00000719 477 635 -0.359938
00000719 564 156 -0.492025
00000719 684 484 -0.517352
00000719 518 574 -0.608081
00000719 289 537 -0.679769
00000719 617 395 -0.739815
00000719 647 252 -0.75546
00000719 620 680 -0.755689
00000719 986 226 -0.76658
00000719 518 394 -0.891825
00000719 724 420 -0.996785
00000719 353 596 -1.00795
00000719 870 214 -1.0082
00000719 617 179 -1.02306
00000719 638 321 -1.03059
00000732 329 930 2.2224
00000732 78 932 0.853115
00000732 606 955 0.77028
00000732 595 947 -0.668328
00000732 827 625 -0.840255
00000732 60 4 -0.930544
00000732 317 941 -1.03453
00000735 574 681 0.750116
00000735 596 585 0.390444
00000735 548 585 -0.271369
00000735 625 595 -0.291861
00000735 568 724 -0.65764
00000735 583 647 -0.678925
00000735 955 575 -0.767564
00000735 996 204 -0.780475
00000735 210 141 -0.868625
00000735 585 781 -0.914333
00000735 972 196 -0.950415
00000735 308 776 -1.00914
00000746 508 896 1.3262
00000746 60 227 0.078044
00000746 268 428 -0.00763729
00000746 195 981 -0.242036
00000746 820 724 -0.513528
00000746 168 311 -0.632316
00000746 30 775 -0.648579
00000746 237 818 -0.681817
00000746 464 638 -0.715654
00000746 684 932 -0.742692
00000746 784 707 -0.76644
00000746 44 444 -0.771347
00000746 162 694 -0.827059
00000746 4 72 -0.854556
00000746 788 973 -0.886444
00000746 339 876 -0.995091
00000762 108 236 0.59132
00000762 201 175 -0.284355
00000762 100 628 -0.553069
00000762 4 516 -0.894546
00000762 287 38 -0.905024
00000762 316 160 -1.04386
00000764 997 944 0.962297
00000764 68 408 0.33185
00000764 216 692 0.301096
00000764 330 317 -0.0124132
00000764 441 463 -0.221829
00000764 420 428 -0.235789
00000764 553 518 -0.303246
00000764 694 132 -0.523156
00000764 645 502 -0.579479
00000764 664 565 -0.592957
00000764 280 231 -0.59942
00000764 90 681 -0.618326
00000764 556 140 -0.625187
00000764 60 140 -0.663556
00000764 326 234 -0.727202
00000764 76 380 -0.748939
00000764 645 851 -0.796372
00000764 54 211 -0.820421
00000764 210 184 -0.868461
00000764 921 77 -0.883087
00000764 60 204 -0.889868
00000764 340 36 -0.90378
00000764 276 536 -0.904351
00000764 340 176 -0.93298
00000764 844 892 -0.966159
00000764 36 1008 -0.972465
00000764 996 152 -0.973344
00000764 105 882 -0.9756
00000764 47 870 -1.02087
00000764 84 492 -1.03213
00000772 278 887 0.680892
00000772 76 84 -0.392096
00000772 590 4 -0.696433
00000772 142 645 -0.801212
00000796 943 861 1.09042
00000796 712 956 0.930533
00000796 997 160 0.60801
00000796 548 540 0.238182
00000796 420 648 -0.0909339
00000796 517 796 -0.191597
00000796 956 696 -0.2258
00000796 321 613 -0.241386
00000796 460 780 -0.506012
00000796 807 564 -0.609236
00000796 321 1013 -0.716618
00000796 4 60 -0.721395
00000796 523 574 -0.732385
00000796 251 979 -0.801296
00000796 844 518 -0.819268
00000796 476 696 -0.879757
00000796 87 64 -0.88347
00000796 536 956 -0.88857
00000796 476 608 -0.889192
00000796 412 4 -0.910141
00000796 226 205 -0.952311
00000796 916 692 -0.954389
00000796 428 920 -0.975062
00000796 664 192 -0.977057
00000796 47 63 -0.988399
00000796 511 179 -1.00557
00000796 831 142 -1.04782
00000807 142 348 0.884147
00000807 801 750 0.446036
00000807 743 68 0.352575
00000807 860 760 0.198768
00000807 210 848 0.10677
00000807 780 764 0.00528657
00000807 58 580 -0.0571724
00000807 22 997 -0.0702737
00000807 110 58 -0.0891068
00000807 580 304 -0.132953
00000807 664 488 -0.150588
00000807 716 236 -0.298698
00000807 399 358 -0.322874
00000807 732 760 -0.327859
00000807 454 445 -0.354485
00000807 578 557 -0.381012
00000807 884 624 -0.414791
00000807 372 977 -0.474022
00000807 290 846 -0.479171
00000807 595 320 -0.496838
00000807 469 438 -0.497573
00000807 878 741 -0.566362
00000807 28 764 -0.628932
00000807 748 420 -0.630008
00000807 140 340 -0.641284
00000807 362 385 -0.652179
00000807 490 775 -0.657119
00000807 4 632 -0.678035
00000807 1004 816 -0.67842
00000807 923 928 -0.680642
00000807 362 349 -0.690319
00000807 87 528 -0.698537
00000807 989 325 -0.711153
00000807 580 960 -0.745524
00000807 532 204 -0.770158
00000807 509 725 -0.772941
00000807 938 270 -0.788065
00000807 438 226 -0.789825
00000807 287 625 -0.791015
00000807 532 756 -0.852233
00000807 519 372 -0.864563
00000807 124 120 -0.866706
00000807 54 477 -0.87726
00000807 812 32 -0.900998
00000807 124 926 -0.912972
00000807 554 617 -0.920488
00000807 701 121 -0.935347
00000807 452 512 -0.951245
00000807 491 974 -0.956777
00000807 108 605 -0.975097
00000807 810 724 -0.980249
00000807 516 660 -0.993054
00000807 886 863 -0.995681
00000807 680 606 -0.995935
00000807 796 556 -0.998389
00000807 169 643 -1.01581
00000807 278 60 -1.03053
00000807 332 172 -1.03667
00000807 546 915 -1.04651
00000815 888 636 1.35841
00000815 956 292 1.32607
00000815 981 235 0.0412057
00000815 896 204 -0.0740869
00000815 556 408 -0.873177
00000815 271 464 -1.008
00000834 243 454 0.679248
00000834 574 124 0.667564
00000834 1002 142 0.260061
00000834 4 296 0.21953
00000834 951 206 0.128763
00000834 477 891 0.0842758
00000834 767 13 -0.074642
00000834 1008 321 -0.0803284
00000834 477 702 -0.184273
00000834 928 765 -0.217129
00000834 657 4 -0.318573
00000834 990 758 -0.375063
00000834 480 564 -0.428238
00000834 636 288 -0.448267
00000834 1016 588 -0.508321
00000834 987 206 -0.514547
00000834 585 976 -0.543344
00000834 986 981 -0.558358
00000834 480 796 -0.576007
00000834 990 107 -0.584204
00000834 475 938 -0.663547
00000834 561 132 -0.691637
00000834 997 202 -0.730025
00000834 924 516 -0.738859
00000834 988 780 -0.740589
00000834 244 437 -0.772459
00000834 84 320 -0.792328
00000834 812 406 -0.822728
00000834 206 275 -0.825974
00000834 1016 684 -0.830507
00000834 93 541 -0.830816
00000834 324 280 -0.865854
00000834 150 321 -0.867724
00000834 1012 868 -0.884881
00000834 863 4 -0.889667
00000834 964 120 -0.91004
00000834 921 741 -0.924248
00000834 268 280 -0.928929
00000834 536 103 -0.942287
00000834 878 68 -0.950022
00000834 878 643 -0.956112
00000834 861 1004 -0.96248
00000834 241 541 -0.966271
00000834 940 684 -0.969123
00000834 776 50 -0.97276
00000834 793 630 -0.978075
00000834 673 956 -0.978099
00000834 292 52 -0.98794
00000834 996 532 -1.00343
00000834 956 578 -1.02496
00000834 132 284 -1.02606
00000834 24 300 -1.02715
00000834 227 535 -1.04332
00000834 986 63 -1.0477
00000834 192 684 -1.04822
00000836 956 648 0.26661
00000836 916 672 -0.0275103
00000836 500 248 -0.319198
00000836 511 527 -0.42038
00000836 896 510 -0.510859
00000836 565 55 -0.598348
00000836 300 934 -0.661233
00000836 987 615 -0.666055
00000836 849 482 -0.679719
00000836 849 629 -0.698342
00000836 802 521 -0.710446
00000836 326 326 -0.776452
00000836 625 118 -0.797692
00000836 620 460 -0.806677
00000836 704 334 -0.815524
00000836 941 59 -0.832759
00000836 258 997 -0.854784
00000836 923 50 -0.85736
00000836 763 758 -0.878862
00000836 818 278 -0.888154
00000836 509 64 -0.923674
00000836 295 501 -0.928151
00000836 924 476 -0.930915
00000836 464 280 -0.992071
00000836 988 324 -1.00187
00000836 501 415 -1.0196
00000848 235 973 0.21064
00000848 4 497 -0.401026
00000848 150 715 -0.465134
00000848 153 496 -0.96436
00000848 4 248 -1.03931
00000848 330 981 -1.04669
00000871 611 716 0.685926
00000871 868 972 -0.523216
00000871 448 733 -0.688239
00000871 572 908 -0.717769
00000871 870 900 -0.728891
00000871 358 976 -0.756636
00000871 475 608 -0.905313
00000871 591 891 -0.99033
00000871 644 904 -1.03
00000873 960 93 1.77673
00000873 4 300 0.764003
00000873 836 673 0.0450426
00000873 792 817 -0.142797
00000873 100 121 -0.241159
00000873 905 863 -0.382716
00000873 964 600 -0.388642
00000873 681 90 -0.409509
00000873 896 51 -0.424242
00000873 902 775 -0.475785
00000873 605 881 -0.488277
00000873 996 752 -0.596965
00000873 715 938 -0.597205
00000873 638 132 -0.646833
00000873 595 733 -0.703357
00000873 750 180 -0.779678
00000873 740 924 -0.787055
00000873 511 728 -0.802494
00000873 753 718 -0.807574
00000873 83 177 -0.828678
00000873 868 248 -0.832466
00000873 490 89 -0.851268
00000873 913 47 -0.878545
00000873 64 390 -0.923508
00000873 519 592 -0.928406
00000873 467 295 -0.931714
00000873 916 220 -0.953299
00000873 812 4 -0.969402
00000873 666 13 -0.973536
00000873 964 80 -0.986703
00000873 964 292 -0.998365
00000873 34 423 -1.00616
00000873 920 477 -1.01254
00000873 87 110 -1.03772
00000882 668 888 2.23928
00000882 979 339 1.82505
00000882 379 152 1.6989
00000882 765 712 0.261892
00000882 896 750 0.260199
00000882 231 192 0.166744
00000882 312 210 0.162953
00000882 673 600 0.14778
00000882 680 897 0.122144
00000882 369 118 -0.0844016
00000882 849 702 -0.132509
00000882 364 148 -0.206636
00000882 828 684 -0.461675
00000882 947 415 -0.495382
00000882 860 723 -0.544475
00000882 924 780 -0.561509
00000882 261 244 -0.631125
00000882 369 694 -0.654994
00000882 956 940 -0.655137
00000882 269 258 -0.697224
00000882 427 744 -0.789825
00000882 996 648 -0.80512
00000882 730 955 -0.823906
00000882 340 220 -0.890153
00000882 287 60 -0.934013
00000882 716 524 -1.0063
00000882 976 939 -1.00947
00000882 349 260 -1.03603
00000889 796 108 1.16534
00000889 644 132 -0.231689
00000889 852 532 -0.346962
00000889 561 282 -0.474244
00000889 630 917 -0.52298
00000889 767 844 -0.529925
00000889 14 906 -0.582829
00000889 252 969 -0.602037
00000889 886 785 -0.605031
00000889 934 664 -0.653398
00000889 788 140 -0.66066
00000889 859 73 -0.684689
00000889 601 298 -0.781457
00000889 861 546 -0.790713
00000889 30 304 -0.792299
00000889 103 113 -0.853047
00000889 270 817 -0.960301
00000889 244 30 -0.968757
00000889 84 780 -1.00808
00000889 901 989 -1.01434
00000894 332 824 2.44394
00000894 252 1008 2.23598
00000894 287 823 1.56856
00000894 1002 459 0.519177
00000894 80 604 0.240297
00000894 380 708 0.164881
00000894 364 864 0.0914338
00000894 956 512 -0.252496
00000894 338 561 -0.487947
00000894 948 332 -0.56576
00000894 464 978 -0.589542
00000894 343 765 -0.744087
00000894 684 758 -0.764472
00000894 684 460 -0.771329
00000894 338 458 -0.77703
00000894 976 58 -0.779369
00000894 955 411 -0.800472
00000894 448 934 -0.81545
00000894 5 427 -0.867021
00000894 290 596 -0.86943
00000894 398 638 -0.885462
00000894 68 633 -0.940989
00000894 258 422 -0.969203
00000894 344 420 -0.982503
00000894 707 836 -1.03687
00000896 317 886 2.33304
00000896 441 874 1.46884
00000896 162 994 -0.511127
00000896 372 712 -0.734647
00000896 895 372 -0.788475
00000896 969 546 -0.871375
00000896 636 188 -0.889308
00000896 732 808 -0.933654
00000896 814 235 -0.977618
00000896 804 868 -0.978348
00000903 775 606 0.0590601
00000903 343 913 0.053447
00000903 454 872 -0.0403049
00000903 796 659 -0.0564656
00000903 467 21 -0.115136
00000903 707 433 -0.473
00000903 782 635 -0.587807
00000903 796 701 -0.625327
00000903 280 930 -0.679684
00000903 924 728 -0.796011
00000903 469 36 -0.876297
00000903 595 182 -0.917621
00000903 940 688 -0.953586
00000903 860 768 -0.966769
00000903 5 775 -0.984789
00000904 628 40 0.352245
00000904 802 226 -0.201724
00000904 349 418 -0.838685
00000904 936 4 -0.8566
00000904 452 716 -0.939389
00000904 578 793 -0.987471
00000910 920 999 -0.198195
00000910 407 214 -1.00637
00000917 364 260 0.168437
00000917 364 300 -0.441521
00000917 652 836 -0.535599
00000917 700 852 -0.625502
00000917 338 192 -0.833195
00000917 744 860 -0.877192
00000917 638 762 -0.948077
00000921 964 932 0.00638693
00000921 913 741 -0.50314
00000921 979 812 -0.517995
00000921 998 724 -0.948119
00000942 160 179 -0.00467135
00000942 364 686 -0.853899
00000942 339 704 -0.873322
00000942 956 128 -0.913314
00000988 44 816 1.7198
00000988 94 998 0.519675
00000988 150 891 0.317488
00000988 376 326 -0.70346
00000988 141 390 -0.725203
00000988 20 564 -0.732471
00000988 160 776 -0.772155
00000988 131 870 -0.853213
00000988 258 311 -0.926101
00000988 260 764 -0.944942
00000988 184 438 -0.991287
00000988 183 748 -1.01185
00000988 399 427 -1.01808
00000988 72 628 -1.02625
00001010 810 90 -0.672513
00001010 326 321 -0.689631
00001010 355 913 -0.735207
00001010 972 788 -0.82612
00001010 947 930 -0.826123
00001010 818 110 -0.850441
00001010 951 307 -0.93264
00001010 956 994 -0.940849
00001010 625 901 -1.0468
00001012 352 508 2.48388
00001012 352 460 1.14444
00001012 438 930 0.370373
00001012 385 454 0.118408
00001012 390 317 -0.490529
00001012 317 206 -0.584147
00001012 772 692 -0.619812
00001012 372 332 -0.662355
00001012 50 105 -0.731742
00001012 229 427 -0.81262
00001012 179 730 -0.864581
00001012 87 4 -0.887952
00001012 408 492 -0.915705
00001012 244 220 -0.951158
00001012 467 853 -0.97376
00001012 728 244 -1.01523
00001012 464 344 -1.02415
00001019 612 796 2.2087
00001019 675 237 1.16555
00001019 887 733 -0.316168
00001019 772 652 -0.832621
00001019 675 179 -0.976515
00001019 676 220 -0.988471
00001028 870 372 -0.519142
00001028 932 24 -0.535779
00001028 724 347 -0.668962
00001028 668 164 -0.74979
00001028 388 212 -0.779441
00001028 901 359 -0.795182
00001028 153 105 -0.812716
00001028 142 41 -0.816209
00001028 585 325 -0.819665
00001028 675 408 -0.881137
00001028 921 390 -0.902604
00001028 418 172 -0.910123
00001028 930 347 -0.920459
00001028 918 5 -0.927828
00001028 55 120 -1.00464
00001028 804 584 -1.01113
00001032 427 775 1.09449
00001032 243 776 -0.82794
00001034 946 335 2.27698
00001034 807 694 2.12355
00001034 946 243 1.55583
00001034 844 692 0.255608
00001034 839 596 -0.0320007
00001034 810 673 -0.338131
00001034 828 172 -0.371701
00001034 877 730 -0.407894
00001034 693 4 -0.505563
00001034 393 73 -0.518686
00001034 169 4 -0.641603
00001034 822 748 -0.654852
00001034 947 4 -0.760395
00001034 740 308 -0.793723
00001034 100 58 -0.927757
00001034 794 91 -0.967291
00001034 395 58 -0.995578
00001034 956 347 -1.04965
00001058 670 691 -0.20814
00001058 860 659 -0.470451
00001058 828 701 -0.594515
00001058 836 696 -0.607355
00001058 739 748 -0.781531
00001058 886 702 -1.01209
00001060 808 132 1.36274
00001060 792 220 0.0348826
00001060 638 306 -0.190246
00001060 792 308 -0.195855
00001060 822 353 -0.343981
00001060 951 367 -0.597165
00001060 784 295 -0.852186
00001060 860 390 -0.978125
00001070 694 280 1.18162
00001070 334 252 0.599687
00001070 374 153 0.488985
00001070 649 184 0.192501
00001070 269 353 0.0201242
00001070 276 340 -0.0137694
00001070 698 120 -0.261317
00001070 36 137 -0.461966
00001070 84 152 -0.500247
00001070 965 343 -0.503428
00001070 822 238 -0.549196
00001070 997 124 -0.553986
00001070 764 356 -0.612706
00001070 100 79 -0.648453
00001070 136 52 -0.679082
00001070 900 216 -0.684233
00001070 960 507 -0.692354
00001070 54 29 -0.734684
00001070 701 137 -0.854915
00001070 163 501 -0.895573
00001070 700 200 -0.982502
00001070 261 364 -0.995819
00001070 690 265 -1.00951
00001077 793 235 0.220669
00001077 943 304 0.00053285
00001077 884 176 -0.228168
00001077 569 110 -0.847354
00001077 733 950 -1.01658
00001077 4 270 -1.02265
00001081 932 860 1.41573
00001081 47 368 1.26404
00001081 572 956 1.18233
00001081 612 902 0.265585
00001081 556 992 0.192827
00001081 364 253 0.165112
00001081 608 878 -0.0140425
00001081 304 853 -0.149123
00001081 337 343 -0.172506
00001081 853 951 -0.178207
00001081 428 240 -0.318401
00001081 448 930 -0.506202
00001081 496 849 -0.533929
00001081 814 124 -0.555773
00001081 564 36 -0.624298
00001081 904 968 -0.653784
00001081 756 888 -0.661691
00001081 784 943 -0.681521
00001081 428 764 -0.765577
00001081 820 172 -0.789711
00001081 532 916 -0.843057
00001081 784 964 -0.873431
00001081 796 752 -0.878358
00001081 444 860 -0.902889
00001081 684 816 -0.917862
00001081 87 344 -0.917991
00001081 644 780 -0.934804
00001081 428 910 -0.952222
00001081 668 860 -0.952739
00001081 124 396 -0.966637
00001081 432 252 -1.04388
00001083 956 780 -0.700656
00001083 733 359 -0.984283
00001083 733 300 -1.03848
00001087 661 813 0.857911
00001101 326 41 -0.530088
00001101 4 849 -0.540784
00001101 85 312 -0.633917
00001101 5 295 -0.781857
00001101 14 871 -0.820695
00001101 115 304 -0.99319
00001109 519 569 0.492525
00001109 312 973 -0.374904
00001109 436 796 -0.714807
00001109 50 969 -0.771501
00001109 218 973 -0.866228
00001114 228 364 1.1882
00001114 500 732 0.492509
00001114 399 390 0.442904
00001114 269 337 0.330528
00001114 511 248 -0.208058
00001114 487 384 -0.326514
00001114 554 643 -0.376289
00001114 780 364 -0.552118
00001114 436 356 -0.665238
00001114 743 300 -0.681099
00001114 828 1004 -0.694031
00001114 231 521 -0.712206
00001114 590 576 -0.80715
00001114 372 758 -0.821826
00001114 96 225 -0.828038
00001114 456 508 -0.886024
00001114 180 844 -0.914717
00001114 427 597 -0.948779
00001114 364 578 -0.96973
00001114 92 1004 -0.974647
00001114 508 396 -0.989749
00001114 533 680 -0.992588
00001114 844 860 -1.01865
00001114 543 195 -1.04998
00001138 192 849 0.613572
00001138 460 476 -0.250237
00001138 298 675 -0.462713
00001138 740 1012 -0.482069
00001138 372 647 -0.520295
00001138 210 38 -0.545429
00001138 372 595 -0.623608
00001138 151 298 -0.753442
00001138 268 32 -0.851489
00001138 4 4 -0.883517
00001138 28 132 -0.936277
00001138 89 628 -0.948374
00001138 252 151 -0.984347
00001147 78 992 0.418469
00001147 290 960 -0.900596
00001147 343 965 -1.03349
00001149 55 334 1.39717
00001149 923 261 -0.694785
00001154 891 68 -0.474215
00001154 937 78 -0.830173
00001154 570 887 -1.02016
00001173 393 566 0.609232
00001173 540 441 0.157134
00001173 472 412 0.00867833
00001173 172 644 -0.111244
00001173 532 636 -0.176709
00001173 537 500 -0.386322
00001173 100 244 -0.48053
00001173 237 321 -0.64318
00001173 420 501 -0.691861
00001173 500 564 -0.741551
00001173 279 131 -0.789773
00001173 497 438 -0.803251
00001173 548 553 -0.833963
00001173 388 364 -0.897564
00001173 226 511 -0.923001
00001173 44 324 -0.976905
00001173 175 325 -1.03683
00001186 932 275 0.843747
00001186 851 44 0.732801
00001186 964 227 -0.386827
00001186 996 300 -0.528751
00001186 852 692 -0.956601
00001187 690 244 -0.407578
00001187 859 206 -0.44902
00001187 724 44 -0.937458
00001197 408 243 0.746517
00001197 349 413 0.525439
00001197 664 524 0.372379
00001197 517 438 0.336875
00001197 454 415 0.0322304
00001197 276 452 -0.516103
00001197 532 537 -0.790194
00001197 289 441 -0.879753
00001197 464 491 -0.932963
00001197 505 184 -0.96203
00001197 725 804 -0.995305
00001197 964 596 -0.996953
00001197 920 807 -1.00881
00001197 516 520 -1.02199
00001197 938 750 -1.04508
00001201 638 753 1.34512
00001201 804 50 -0.234455
00001201 526 9 -0.280889
00001201 979 34 -0.963215
00001201 339 29 -1.03089
00001207 638 242 0.815405
00001207 587 240 0.651914
00001207 635 196 -0.616966
00001207 629 477 -0.820541
00001213 512 692 -0.117054
00001213 621 930 -0.699242
00001213 424 4 -0.708686
00001213 597 951 -0.714877
00001213 472 605 -0.914676
00001213 624 941 -1.02916
00001228 422 385 0.158218
00001228 241 536 0.127941
00001228 608 380 0.019682
00001228 606 554 -0.103287
00001228 469 617 -0.135689
00001228 514 307 -0.331408
00001228 175 437 -0.335632
00001228 468 464 -0.379297
00001228 422 438 -0.413664
00001228 606 464 -0.473092
00001228 422 620 -0.492336
00001228 380 4 -0.549047
00001228 64 613 -0.552761
00001228 467 320 -0.734134
00001228 564 5 -0.772046
00001228 517 353 -0.828047
00001228 332 480 -0.852333
00001228 422 234 -0.860974
00001228 201 210 -0.861068
00001228 4 408 -0.882232
00001228 514 475 -0.885582
00001228 347 4 -0.905451
00001228 424 501 -0.952212
00001228 180 188 -0.953795
00001228 396 292 -0.95882
00001228 649 617 -0.963189
00001228 654 385 -0.965615
00001228 78 585 -0.967883
00001228 124 528 -0.993551
00001228 64 477 -0.995236
00001228 36 606 -1.03024
00001228 512 556 -1.03773
00001228 321 300 -1.04241
00001232 381 578 0.701713
00001232 72 924 -0.333744
00001232 4 778 -0.553518
00001232 398 801 -0.837279
00001232 47 976 -0.848982
00001232 876 856 -0.851861
00001232 388 912 -0.873284
00001232 79 955 -0.89707
00001232 5 913 -0.949172
00001232 655 690 -1.00247
00001265 630 261 -0.196068
00001265 5 94 -0.975274
00001265 418 537 -1.01309
00001266 990 261 0.287343
00001266 812 300 -0.0697558
00001266 895 110 -0.388546
00001266 438 940 -0.414551
00001266 849 26 -0.426611
00001266 790 317 -0.457203
00001266 1012 260 -0.511989
00001266 644 60 -0.519371
00001266 844 321 -0.598266
00001266 908 308 -0.771837
00001266 680 153 -0.935989
00001266 840 151 -0.951982
00001266 868 172 -0.985679
00001267 28 84 0.114644
00001267 775 677 -0.880675
