00000004 289 620 1.15343
00000004 408 329 0.0240839
00000004 235 621 -0.422634
00000004 696 269 -0.432795
00000004 694 4 -0.462904
00000004 522 343 -0.521221
00000004 428 400 -0.669813
00000004 680 163 -0.67533
00000004 684 206 -0.711578
00000004 704 221 -0.837675
00000004 754 116 -0.886143
00000004 692 36 -0.887561
00000004 570 295 -0.922365
00000004 910 4 -0.929989
00000004 172 211 -0.970214
00000004 497 448 -0.974802
00000004 349 389 -0.976173
00000004 540 500 -0.991334
00000004 776 266 -0.998854
00000004 659 459 -1.04406
00000008 252 36 -0.646502
00000008 123 34 -0.931542
00000017 842 812 1.09628
00000017 158 4 -0.736822
00000019 100 28 1.48375
00000019 60 400 -0.741343
00000019 81 38 -0.889216
00000019 113 34 -0.950824
00000037 244 510 2.2331
00000037 271 592 1.71059
00000037 167 12 1.05126
00000037 987 684 0.995973
00000037 1007 698 0.90718
00000037 876 870 0.558585
00000037 201 47 0.284243
00000037 234 234 0.00139691
00000037 232 300 -0.0559657
00000037 596 972 -0.323934
00000037 630 55 -0.396975
00000037 206 804 -0.485931
00000037 308 620 -0.504808
00000037 886 849 -0.524846
00000037 364 740 -0.526736
00000037 724 572 -0.528708
00000037 271 225 -0.531058
00000037 347 561 -0.564269
00000037 270 681 -0.601228
00000037 269 691 -0.604375
00000037 773 467 -0.639846
00000037 997 680 -0.646504
00000037 235 750 -0.651497
00000037 338 655 -0.699681
00000037 934 633 -0.704419
00000037 773 4 -0.752946
00000037 617 258 -0.79413
00000037 613 904 -0.807701
00000037 98 278 -0.812177
00000037 76 156 -0.817316
00000037 424 441 -0.831279
00000037 433 960 -0.832321
00000037 192 289 -0.856847
00000037 574 905 -0.857432
00000037 110 939 -0.860186
00000037 756 620 -0.8629
00000037 100 20 -0.877785
00000037 932 908 -0.881668
00000037 84 132 -0.888875
00000037 231 536 -0.890887
00000037 107 347 -0.898559
00000037 684 652 -0.906549
00000037 141 128 -0.909289
00000037 448 5 -0.914016
00000037 184 886 -0.935908
00000037 108 1004 -0.938205
00000037 83 521 -0.938571
00000037 973 510 -0.954922
00000037 158 870 -1.02286
00000037 509 574 -1.02664
00000037 516 332 -1.03057
00000037 12 464 -1.03455
00000037 868 884 -1.04179
00000037 4 380 -1.04292
00000037 913 274 -1.0472
00000037 312 810 -1.04793
00000037 295 347 -1.04794
00000058 630 415 1.18399
00000058 554 295 0.923927
00000058 152 860 0.791522
00000058 571 595 0.468839
00000058 158 870 0.189407
00000058 26 258 0.181764
00000058 565 693 0.152869
00000058 4 443 0.0550191
00000058 684 635 -0.192532
00000058 617 438 -0.292457
00000058 564 756 -0.320799
00000058 441 1011 -0.335147
00000058 684 723 -0.35654
00000058 507 531 -0.375357
00000058 753 477 -0.467396
00000058 657 500 -0.473869
00000058 300 172 -0.476779
00000058 118 733 -0.482568
00000058 510 565 -0.496039
00000058 596 260 -0.514844
00000058 348 163 -0.564558
00000058 4 172 -0.594785
00000058 261 265 -0.607135
00000058 344 147 -0.617957
00000058 354 201 -0.63434
00000058 93 364 -0.635893
00000058 21 244 -0.670215
00000058 768 612 -0.795439
00000058 162 526 -0.815889
00000058 691 759 -0.826304
00000058 698 797 -0.849921
00000058 118 684 -0.870413
00000058 180 604 -0.936615
00000058 148 764 -0.938191
00000058 279 131 -0.97005
00000058 12 154 -1.03335
00000058 444 132 -1.04005
00000058 537 64 -1.04477
00000058 276 192 -1.04886
00000066 132 1008 1.10341
00000066 904 201 0.127708
00000066 232 892 0.00134768
00000066 892 140 -0.153382
00000066 174 649 -0.217251
00000066 393 231 -0.330742
00000066 128 950 -0.35376
00000066 492 648 -0.627417
00000066 948 228 -0.65396
00000066 401 258 -0.667259
00000066 448 260 -0.729342
00000066 98 561 -0.736728
00000066 556 180 -0.75553
00000066 153 796 -0.772305
00000066 142 1013 -0.804242
00000066 120 764 -0.808778
00000066 188 852 -0.854722
00000066 364 237 -0.855053
00000066 330 270 -0.920068
00000066 206 689 -0.939919
00000066 675 225 -0.989306
00000091 916 328 1.85037
00000091 891 364 1.69125
00000091 776 519 -0.0725408
00000091 965 870 -0.101518
00000091 792 142 -0.29013
00000091 891 265 -0.300295
00000091 984 132 -0.322761
00000091 930 334 -0.385458
00000091 884 944 -0.473266
00000091 794 601 -0.805275
00000091 750 535 -0.841219
00000091 976 116 -0.84902
00000091 989 758 -0.873804
00000091 908 184 -0.900455
00000091 793 896 -0.928992
00000091 728 758 -0.967499
00000091 723 501 -0.98285
00000091 924 636 -1.00243
00000121 484 651 0.792002
00000121 566 389 0.000610988
00000121 22 339 -0.0721914
00000121 664 83 -0.330116
00000121 590 123 -0.373121
00000121 704 201 -0.533853
00000121 575 89 -0.663035
00000121 570 30 -0.86027
00000121 576 59 -0.871441
00000121 561 73 -0.88544
00000121 492 620 -0.891248
00000121 476 780 -0.897452
00000121 4 348 -0.930309
00000121 652 412 -1.02964
00000140 548 772 1.71189
00000140 167 527 0.717964
00000140 553 793 0.495297
00000140 812 516 0.0511601
00000140 372 358 0.046926
00000140 424 604 -0.152493
00000140 786 226 -0.18185
00000140 44 876 -0.212438
00000140 355 823 -0.261393
00000140 576 920 -0.383578
00000140 196 660 -0.424511
00000140 151 799 -0.46213
00000140 252 913 -0.477871
00000140 832 802 -0.500128
00000140 464 555 -0.515515
00000140 204 760 -0.589981
00000140 85 715 -0.597123
00000140 715 167 -0.625932
00000140 261 36 -0.63359
00000140 307 983 -0.647439
00000140 398 389 -0.691773
00000140 517 704 -0.701726
00000140 441 570 -0.708376
00000140 153 670 -0.711841
00000140 374 585 -0.716763
00000140 32 574 -0.718027
00000140 424 231 -0.72991
00000140 828 708 -0.748339
00000140 56 4 -0.754239
00000140 636 660 -0.779032
00000140 300 635 -0.788279
00000140 524 400 -0.788529
00000140 733 300 -0.79006
00000140 353 748 -0.794749
00000140 418 436 -0.797492
00000140 484 428 -0.832314
00000140 452 428 -0.853364
00000140 617 680 -0.868235
00000140 892 924 -0.879623
00000140 702 271 -0.884265
00000140 566 507 -0.888171
00000140 252 676 -0.895432
00000140 349 497 -0.895948
00000140 837 910 -0.898795
00000140 300 576 -0.909649
00000140 156 468 -0.916389
00000140 837 132 -0.926021
00000140 142 384 -0.929967
00000140 611 482 -0.942409
00000140 148 844 -0.945164
00000140 997 951 -0.946534
00000140 733 244 -0.9759
00000140 606 537 -0.980158
00000140 996 452 -0.985741
00000140 84 572 -0.995227
00000140 730 932 -1.03689
00000140 556 584 -1.04408
00000140 78 4 -1.04835
00000151 794 312 0.467234
00000151 733 348 0.355613
00000151 840 312 0.349944
00000151 508 644 -0.392804
00000151 763 369 -0.570566
00000151 776 468 -0.702912
00000151 116 980 -0.739875
00000151 477 758 -0.742276
00000151 708 416 -0.772242
00000151 660 235 -0.865916
00000151 680 216 -0.870213
00000151 923 500 -0.887391
00000151 64 823 -0.938524
00000151 900 668 -0.96968
00000151 916 588 -0.99661
00000151 704 635 -0.999522
00000151 587 240 -1.01899
00000151 990 621 -1.02387
00000151 964 460 -1.02437
00000151 905 620 -1.02949
00000151 990 754 -1.04645
00000172 152 512 0.911921
00000172 891 58 0.705845
00000172 124 596 0.126436
00000172 831 169 0.0362981
00000172 396 168 -0.00787012
00000172 812 540 -0.250272
00000172 561 351 -0.254894
00000172 588 588 -0.47124
00000172 668 32 -0.48886
00000172 1004 292 -0.526057
00000172 871 54 -0.582599
00000172 800 532 -0.706379
00000172 981 265 -0.724727
00000172 635 384 -0.777777
00000172 828 306 -0.790377
00000172 647 211 -0.817483
00000172 676 628 -0.919108
00000172 379 123 -0.940988
00000172 807 554 -0.950427
00000172 575 596 -0.979541
00000172 561 510 -0.979589
00000172 604 632 -1.00843
00000176 895 381 1.7194
00000176 828 343 1.1277
00000176 891 635 0.744724
00000176 921 574 0.634929
00000176 860 997 -0.0516412
00000176 704 615 -0.292676
00000176 611 836 -0.294459
00000176 721 441 -0.445253
00000176 124 276 -0.601865
00000176 698 353 -0.63272
00000176 692 328 -0.644954
00000176 21 227 -0.732241
00000176 625 389 -0.764314
00000176 638 784 -0.809175
00000176 923 422 -0.823482
00000176 652 916 -0.823997
00000176 851 295 -0.842081
00000176 316 996 -0.855152
00000176 876 628 -0.86807
00000176 664 108 -0.9265
00000176 574 592 -0.943318
00000176 822 473 -0.944106
00000176 750 518 -0.957239
00000176 156 64 -0.975579
00000176 691 36 -0.98204
00000176 448 807 -0.993815
00000184 712 818 0.145156
00000184 182 182 -0.108486
00000184 115 527 -0.219512
00000184 32 160 -0.224905
00000184 196 148 -0.605047
00000184 740 724 -0.703186
00000184 201 497 -0.762415
00000184 891 765 -0.800167
00000184 854 822 -0.874907
00000184 820 816 -0.944309
00000203 330 987 -0.315149
00000203 844 812 -0.487493
00000203 356 816 -0.952027
00000203 630 450 -0.988247
00000207 986 355 0.438893
00000207 877 257 -0.283306
00000207 921 415 -0.327635
00000207 955 385 -0.463781
00000211 248 221 0.689577
00000211 28 668 -0.210187
00000211 110 226 -0.614539
00000211 748 732 -0.680726
00000211 694 876 -0.727459
00000211 172 260 -0.775222
00000211 721 872 -0.781995
00000211 243 280 -0.81903
00000211 892 996 -0.854963
00000211 758 802 -0.997404
00000212 364 883 0.492158
00000212 276 872 0.124722
00000212 428 681 0.0665686
00000212 978 969 0.0590554
00000212 733 635 0.0196227
00000212 775 973 -0.0454685
00000212 100 897 -0.0914214
00000212 289 758 -0.352197
00000212 220 588 -0.481996
00000212 578 728 -0.660046
00000212 842 802 -0.699266
00000212 98 887 -0.701959
00000212 628 692 -0.71707
00000212 208 580 -0.752402
00000212 22 790 -0.783638
00000212 73 723 -0.855771
00000212 261 758 -0.860673
00000212 420 792 -0.871988
00000212 758 712 -0.881337
00000212 330 724 -0.886259
00000212 767 960 -0.892399
00000212 172 704 -0.909559
00000212 655 673 -0.927953
00000212 822 836 -1.02701
00000227 110 464 1.17185
00000227 989 339 0.0932312
00000227 268 444 -0.326275
00000227 804 484 -0.555801
00000227 92 576 -0.650284
00000227 748 156 -0.706203
00000227 438 389 -0.763838
00000227 839 316 -0.825046
00000227 908 480 -0.825782
00000227 201 480 -0.830188
00000227 839 416 -0.849918
00000227 832 192 -0.853013
00000227 459 311 -0.885439
00000227 660 492 -0.895352
00000227 476 316 -0.915608
00000227 100 668 -0.981661
00000227 269 459 -1.04512
00000239 891 533 0.604663
00000239 38 784 -0.832271
00000239 876 540 -0.895184
00000239 551 13 -0.902041
00000239 564 468 -0.987874
00000239 892 300 -1.01721
00000256 215 22 -0.112101
00000256 374 527 -0.32437
00000256 739 923 -0.60681
00000256 659 670 -0.935299
00000256 908 208 -0.999746
00000256 881 393 -1.00815
00000256 269 131 -1.02989
00000266 970 379 1.8387
00000266 940 1000 1.25074
00000266 542 987 0.29504
00000266 590 83 0.239675
00000266 316 448 -0.0789974
00000266 279 606 -0.180136
00000266 955 907 -0.253219
00000266 100 608 -0.467363
00000266 775 728 -0.566725
00000266 415 295 -0.651385
00000266 279 638 -0.653054
00000266 920 329 -0.711345
00000266 316 380 -0.729173
00000266 901 556 -0.734399
00000266 152 334 -0.738387
00000266 524 168 -0.745168
00000266 38 270 -0.764161
00000266 123 369 -0.823483
00000266 960 712 -0.831221
00000266 775 548 -0.838531
00000266 76 768 -0.865399
00000266 884 772 -0.885317
00000266 90 38 -0.888255
00000266 907 733 -0.888988
00000266 329 457 -0.907284
00000266 179 836 -0.923357
00000266 79 390 -0.94703
00000266 215 592 -0.953704
00000266 428 436 -0.956013
00000266 216 617 -0.960372
00000266 36 604 -0.97187
00000266 307 4 -0.988199
00000266 15 976 -1.01291
00000266 930 457 -1.01663
00000266 147 5 -1.01813
00000266 537 128 -1.0421
00000266 955 1002 -1.04383
00000266 628 120 -1.04911
00000272 844 4 0.220881
00000272 782 398 0.113852
00000272 528 675 -0.0309564
00000272 827 335 -0.525112
00000272 836 64 -0.556191
00000272 832 571 -0.570774
00000272 457 743 -0.581017
00000272 675 275 -0.605928
00000272 773 822 -0.671219
00000272 698 698 -0.705119
00000272 595 184 -0.726056
00000272 236 992 -0.780271
00000272 849 237 -0.813925
00000272 804 268 -0.835437
00000272 510 424 -0.884299
00000272 218 21 -0.898863
00000272 721 137 -0.991154
00000272 772 380 -1.01041
00000272 664 518 -1.03012
00000277 92 100 1.19903
00000277 231 305 1.12439
00000277 813 895 1.02323
00000277 715 325 0.992399
00000277 608 381 0.769548
00000277 816 388 0.730775
00000277 528 4 0.546017
00000277 480 540 0.269239
00000277 4 758 0.25653
00000277 664 531 0.236251
00000277 988 164 -0.0216266
00000277 93 610 -0.0360235
00000277 248 664 -0.332724
00000277 812 406 -0.365457
00000277 588 760 -0.39921
00000277 818 34 -0.450315
00000277 358 5 -0.579632
00000277 902 189 -0.633444
00000277 433 64 -0.639
00000277 32 514 -0.652592
00000277 151 68 -0.706759
00000277 633 374 -0.727561
00000277 804 500 -0.780418
00000277 321 733 -0.782977
00000277 964 167 -0.79294
00000277 197 81 -0.818025
00000277 812 786 -0.827407
00000277 756 36 -0.827668
00000277 211 754 -0.841014
00000277 310 162 -0.922385
00000277 172 20 -0.939566
00000277 381 169 -0.941735
00000277 12 317 -0.942736
00000277 24 595 -0.962908
00000277 916 36 -1.00335
00000277 576 379 -1.00501
00000277 332 52 -1.01126
00000277 424 205 -1.04908
00000288 615 502 1.43241
00000288 595 78 0.95008
00000288 691 5 -0.215215
00000288 484 164 -0.622109
00000288 611 4 -0.685248
00000288 482 748 -0.717637
00000288 946 4 -0.87793
00000288 195 601 -0.898126
00000288 490 807 -0.902021
00000288 553 222 -0.961185
00000307 474 786 1.33658
00000307 73 776 0.321232
00000307 142 666 -0.0743781
00000307 583 555 -0.11993
00000307 124 638 -0.292066
00000307 477 694 -0.357448
00000307 561 608 -0.363773
00000307 960 721 -0.709294
00000307 886 657 -0.72587
00000307 960 743 -0.760139
00000307 372 576 -0.782785
00000307 403 775 -0.878829
00000307 326 546 -0.904617
00000307 844 808 -0.910309
00000307 807 744 -0.999027
00000307 124 870 -1.0083
00000307 241 684 -1.02264
00000307 617 628 -1.03383
00000317 507 930 -0.147279
00000317 583 638 -0.16696
00000317 385 596 -0.338549
00000317 298 634 -0.467671
00000317 261 810 -0.580993
00000317 548 708 -0.648565
00000317 268 620 -0.742727
00000317 508 644 -0.766862
00000317 372 580 -0.769827
00000317 459 686 -0.845985
00000317 300 427 -0.847251
00000317 252 767 -0.860724
00000317 491 634 -0.890997
00000317 473 36 -0.913153
00000317 390 913 -0.972652
00000317 412 128 -0.996367
00000317 332 388 -1.02215
00000317 645 714 -1.03208
00000317 287 424 -1.04538
00000322 45 179 0.510597
00000322 12 990 -0.0342548
00000322 502 891 -0.212929
00000322 741 454 -0.259971
00000322 564 723 -0.325466
00000322 617 807 -0.340578
00000322 162 487 -0.493749
00000322 121 606 -0.584197
00000322 163 406 -0.615082
00000322 164 748 -0.676085
00000322 721 399 -0.750877
00000322 643 807 -0.796976
00000322 784 956 -0.800337
00000322 652 292 -0.823772
00000322 836 673 -0.874206
00000322 160 876 -0.889045
00000322 896 764 -0.918683
00000322 163 670 -0.922465
00000322 162 818 -0.946309
00000322 784 468 -0.967173
00000322 160 969 -0.971829
00000322 960 951 -0.976965
00000322 849 638 -1.00311
00000322 4 976 -1.01053
00000323 876 221 0.976129
00000350 225 252 2.02249
00000350 652 836 1.41902
00000350 237 269 -0.559667
00000356 923 519 -0.264895
00000356 801 527 -0.418003
00000356 714 664 -0.601985
00000356 904 664 -0.75338
00000356 916 676 -0.833134
00000356 981 784 -0.847218
00000356 714 743 -0.94246
00000356 633 860 -1.04401
00000363 940 354 1.41296
00000363 997 349 0.324609
00000363 1004 124 -0.0710577
00000363 684 59 -0.23484
00000363 226 965 -0.301001
00000363 141 364 -0.348361
00000363 674 93 -0.473902
00000363 693 82 -0.528754
00000363 810 887 -0.533929
00000363 767 42 -0.552463
00000363 812 272 -0.618463
00000363 934 100 -0.647014
00000363 923 344 -0.745952
00000363 916 84 -0.774362
00000363 330 509 -0.848429
00000363 816 68 -0.914304
00000367 720 64 0.417651
00000367 501 977 0.317662
00000367 740 920 -0.0570365
00000367 175 381 -0.237616
00000367 956 976 -0.307481
00000367 347 793 -0.328365
00000367 289 753 -0.432074
00000367 698 98 -0.450281
00000367 364 912 -0.461949
00000367 158 244 -0.486214
00000367 853 934 -0.508737
00000367 201 240 -0.636895
00000367 636 48 -0.730064
00000367 204 724 -0.743436
00000367 116 272 -0.764453
00000367 108 208 -0.813197
00000367 620 928 -0.826357
00000367 244 652 -0.841985
00000367 794 951 -0.880291
00000367 284 824 -0.914137
00000367 900 1004 -0.914821
00000367 172 948 -0.958901
00000367 244 916 -1.00737
00000367 36 392 -1.03711
00000374 601 404 0.164447
00000374 408 868 0.0677162
00000374 812 720 -0.265568
00000374 878 523 -0.873194
00000377 94 47 0.719965
00000377 100 237 0.407675
00000377 124 52 -0.749959
00000377 4 180 -0.754744
00000377 896 638 -0.834436
00000377 36 5 -0.905264
00000377 904 810 -0.983504
00000377 38 72 -1.03465
00000382 828 80 0.132022
00000382 693 983 -0.497263
00000382 684 881 -0.804166
00000388 369 556 0.747328
00000388 828 448 0.379835
00000388 583 441 0.235334
00000388 221 659 -0.403992
00000388 707 965 -0.412189
00000388 164 548 -0.447492
00000388 287 981 -0.579206
00000388 353 905 -0.718321
00000388 427 538 -0.924109
00000388 880 308 -0.935679
00000388 788 244 -0.958029
00000388 348 548 -0.973937
00000388 316 688 -1.04041
00000391 92 676 0.532484
00000391 956 532 0.528982
00000391 218 818 0.482041
00000391 775 964 0.476047
00000391 320 73 0.209634
00000391 369 650 0.190384
00000391 460 204 0.113451
00000391 844 204 0.0660456
00000391 412 632 0.0334208
00000391 24 315 0.0106651
00000391 93 477 -0.0361292
00000391 583 404 -0.0376832
00000391 408 578 -0.0582969
00000391 870 248 -0.105588
00000391 172 305 -0.205947
00000391 279 686 -0.335733
00000391 36 164 -0.349875
00000391 566 487 -0.413079
00000391 396 180 -0.415909
00000391 284 620 -0.42353
00000391 827 175 -0.424069
00000391 564 412 -0.434181
00000391 428 856 -0.497013
00000391 896 295 -0.501829
00000391 476 904 -0.502945
00000391 860 228 -0.506628
00000391 916 332 -0.536156
00000391 348 64 -0.566559
00000391 500 955 -0.601012
00000391 100 380 -0.608961
00000391 932 356 -0.651813
00000391 744 976 -0.66737
00000391 981 647 -0.699156
00000391 948 380 -0.778126
00000391 459 564 -0.782595
00000391 859 473 -0.783264
00000391 543 997 -0.783681
00000391 756 72 -0.821888
00000391 5 791 -0.85067
00000391 418 645 -0.860792
00000391 4 891 -0.866417
00000391 459 934 -0.913532
00000391 364 395 -0.974031
00000391 36 332 -0.978155
00000391 201 546 -1.00213
00000391 52 20 -1.01319
00000391 188 836 -1.02537
00000413 64 188 2.3161
00000413 351 278 0.957846
00000413 160 165 0.32832
00000413 21 458 -0.170306
00000413 4 518 -0.269169
00000413 673 287 -0.289173
00000413 364 300 -0.40852
00000413 31 184 -0.422285
00000413 514 59 -0.432251
00000413 364 282 -0.459867
00000413 516 44 -0.558229
00000413 396 204 -0.569783
00000413 408 113 -0.619039
00000413 242 290 -0.647137
00000413 316 368 -0.65362
00000413 310 265 -0.660617
00000413 490 131 -0.70805
00000413 395 158 -0.74259
00000413 231 364 -0.839129
00000413 321 287 -0.958626
00000413 244 4 -1.01584
00000413 22 362 -1.01736
00000413 68 257 -1.02439
00000413 415 308 -1.04521
00000432 68 188 0.432601
00000432 849 987 -0.68947
00000432 116 404 -0.730065
00000432 81 25 -0.787873
00000432 22 206 -0.795432
00000432 827 252 -0.848152
00000432 20 420 -0.991537
00000432 114 482 -0.994433
00000432 148 4 -0.994816
00000436 580 472 1.09817
00000436 827 943 0.812805
00000436 50 712 0.27132
00000436 601 684 0.220651
00000436 771 956 0.0483212
00000436 243 45 0.0336528
00000436 786 786 -0.271532
00000436 28 860 -0.469127
00000436 981 564 -0.479228
00000436 546 335 -0.479835
00000436 540 908 -0.525767
00000436 156 832 -0.5821
00000436 42 649 -0.721612
00000436 252 304 -0.72649
00000436 585 950 -0.749643
00000436 914 707 -0.750846
00000436 151 156 -0.750934
00000436 617 518 -0.760425
00000436 408 987 -0.823964
00000436 810 600 -0.831342
00000436 83 955 -0.843234
00000436 38 630 -0.853728
00000436 767 408 -0.875614
00000436 36 700 -0.897224
00000436 559 5 -0.899967
00000436 463 733 -0.915672
00000436 854 647 -0.988835
00000437 180 932 -0.951034
00000437 758 493 -1.02717
00000437 767 497 -1.04199
00000438 464 918 2.02425
00000438 680 274 0.961504
00000438 588 268 0.258109
00000438 585 52 -0.360537
00000438 500 266 -0.408573
00000438 165 124 -0.486931
00000438 897 754 -0.64135
00000438 812 848 -0.717886
00000438 480 928 -0.820346
00000438 981 733 -0.863851
00000438 543 5 -0.870366
00000438 517 131 -0.903134
00000438 635 595 -0.929612
00000438 251 640 -0.938162
00000438 668 268 -0.953393
00000438 960 659 -0.955479
00000438 587 4 -0.998005
00000438 716 388 -1.03143
00000438 767 947 -1.03685
00000454 772 120 1.16412
00000454 585 63 -0.120286
00000454 625 930 -0.732919
00000454 210 98 -0.84256
00000469 372 308 1.15026
00000469 276 212 1.029
00000469 276 628 0.556842
00000469 308 844 0.526653
00000469 334 844 0.133821
00000469 468 992 -0.180528
00000469 511 881 -0.261125
00000469 398 810 -0.388369
00000469 348 564 -0.529198
00000469 516 956 -0.543136
00000469 220 732 -0.587188
00000469 276 732 -0.678399
00000469 321 833 -0.695896
00000469 500 872 -0.747299
00000469 252 583 -0.759217
00000469 280 592 -0.827426
00000469 285 645 -0.828424
00000469 406 1013 -0.84106
00000469 480 913 -0.852519
00000469 172 576 -0.868793
00000469 218 604 -0.879376
00000469 279 226 -0.907014
00000469 533 733 -0.915681
00000469 458 887 -0.916187
00000469 244 924 -0.928887
00000469 205 638 -0.942075
00000469 210 578 -0.954475
00000469 408 785 -0.981135
00000469 165 601 -1.02386
00000469 736 956 -1.04898
00000491 216 300 1.18236
00000491 276 256 0.967296
00000491 44 240 -0.33795
00000491 244 428 -0.882625
00000491 131 374 -0.888326
00000491 575 554 -0.915284
00000491 79 232 -0.971834
00000491 72 454 -0.979057
00000491 613 964 -0.996963
00000505 764 192 2.0712
00000505 261 294 1.47351
00000505 724 216 0.964314
00000505 220 1004 0.583193
00000505 801 304 0.198435
00000505 4 647 -0.105658
00000505 628 258 -0.144335
00000505 522 311 -0.333007
00000505 554 226 -0.355997
00000505 691 79 -0.369458
00000505 467 753 -0.380409
00000505 500 324 -0.395195
00000505 428 556 -0.413442
00000505 660 820 -0.5004
00000505 423 743 -0.691166
00000505 355 205 -0.72312
00000505 604 776 -0.815237
00000505 105 381 -0.816596
00000505 271 657 -0.906416
00000505 12 124 -0.907631
00000505 192 947 -0.916164
00000505 300 920 -0.93335
00000505 13 399 -0.959107
00000505 887 270 -0.966219
00000505 108 364 -0.972499
00000505 644 808 -0.991789
00000505 4 730 -1.02184
00000505 226 955 -1.02256
00000505 870 306 -1.0433
00000513 767 937 0.335062
00000513 693 932 -0.902534
00000513 454 225 -0.941515
00000513 700 896 -1.00453
00000546 390 335 1.69976
00000546 712 643 0.122628
00000546 280 330 -0.189028
00000546 564 564 -0.232036
00000546 123 674 -0.297078
00000546 192 645 -0.51273
00000546 596 564 -0.531969
00000546 596 469 -0.580471
00000546 380 828 -0.62016
00000546 457 359 -0.698767
00000546 311 511 -0.725396
00000546 152 334 -0.777748
00000546 561 475 -0.840884
00000546 389 827 -0.882597
00000546 349 472 -0.924443
00000546 258 522 -0.931159
00000546 630 707 -0.944931
00000546 412 228 -0.965191
00000546 156 404 -0.988106
00000546 668 652 -0.993451
00000546 700 636 -1.02167
00000546 601 620 -1.03153
00000550 756 700 -0.0115509
00000550 1004 732 -0.523785
00000550 844 708 -0.873947
00000550 763 920 -0.950256
00000550 828 452 -0.955658
00000550 812 645 -1.02542
00000551 388 704 2.58266
00000551 930 664 0.842612
00000551 565 652 0.253146
00000551 72 90 -0.433742
00000551 723 343 -0.735622
00000551 200 5 -0.900834
00000551 152 763 -0.914266
00000551 793 775 -1.01132
00000554 307 758 0.896685
00000554 454 693 0.622973
00000554 772 4 -0.0143366
00000554 268 940 -0.630982
00000554 404 68 -0.691795
00000554 100 144 -0.931967
00000554 364 184 -1.0031
00000554 5 543 -1.04364
00000564 38 643 1.11331
00000564 428 773 -0.42059
00000564 150 561 -0.577184
00000564 153 765 -0.681655
00000564 356 832 -0.703184
00000564 184 724 -0.731263
00000564 372 956 -0.772035
00000564 140 756 -0.878639
00000564 332 944 -1.03126
00000579 202 317 1.52824
00000579 196 418 0.873171
00000579 987 473 0.42823
00000579 921 458 0.304201
00000579 287 261 -0.128805
00000579 238 427 -0.302882
00000579 399 344 -0.325406
00000579 996 20 -0.336941
00000579 796 340 -0.50966
00000579 793 102 -0.613318
00000579 4 433 -0.620972
00000579 693 220 -0.677829
00000579 764 412 -0.707426
00000579 82 381 -0.760844
00000579 112 420 -0.834842
00000579 770 416 -0.856279
00000579 728 241 -0.882343
00000579 935 487 -0.88721
00000579 140 460 -0.920956
00000579 64 433 -0.948005
00000579 741 68 -0.985418
00000579 4 212 -0.990863
00000579 148 456 -1.00927
00000592 330 666 0.92313
00000592 411 659 0.760712
00000592 491 578 0.758282
00000592 237 807 0.706321
00000592 140 672 0.440469
00000592 133 624 0.371606
00000592 784 698 0.366141
00000592 364 807 0.343334
00000592 684 702 0.0996676
00000592 574 555 -0.188512
00000592 4 935 -0.204377
00000592 153 675 -0.225574
00000592 179 762 -0.240573
00000592 723 649 -0.270915
00000592 572 500 -0.309232
00000592 901 989 -0.339641
00000592 305 792 -0.362371
00000592 408 644 -0.404586
00000592 338 651 -0.441552
00000592 997 845 -0.493283
00000592 553 801 -0.521931
00000592 601 1001 -0.527991
00000592 444 576 -0.590722
00000592 948 852 -0.611341
00000592 997 698 -0.630185
00000592 756 32 -0.631628
00000592 628 1008 -0.667236
00000592 364 764 -0.674098
00000592 724 696 -0.681044
00000592 527 659 -0.700769
00000592 818 47 -0.703515
00000592 728 979 -0.708274
00000592 868 692 -0.712849
00000592 424 514 -0.718745
00000592 765 575 -0.733332
00000592 492 548 -0.736861
00000592 844 704 -0.73743
00000592 300 763 -0.77023
00000592 973 853 -0.777444
00000592 588 612 -0.784319
00000592 444 812 -0.809518
00000592 188 804 -0.810361
00000592 372 788 -0.828553
00000592 335 1001 -0.842421
00000592 996 600 -0.849567
00000592 244 784 -0.875513
00000592 638 848 -0.877615
00000592 4 771 -0.897661
00000592 556 992 -0.905297
00000592 514 638 -0.912795
00000592 812 840 -0.916297
00000592 456 668 -0.95276
00000592 565 817 -0.962593
00000592 516 896 -0.966456
00000592 492 812 -0.968595
00000592 340 864 -0.991138
00000592 921 801 -0.991183
00000592 839 986 -1.02849
00000592 114 877 -1.03859
00000592 905 528 -1.04712
00000597 836 257 1.41377
00000597 376 244 0.689692
00000597 540 580 0.571456
00000597 376 206 0.228747
00000597 248 12 -0.127962
00000597 596 480 -0.526009
00000597 113 728 -0.550483
00000597 820 280 -0.638879
00000597 476 596 -0.692071
00000597 220 272 -0.714919
00000597 428 212 -0.722944
00000597 278 720 -0.754187
00000597 124 222 -0.775278
00000597 884 732 -0.798018
00000597 794 445 -0.832061
00000597 338 184 -0.837058
00000597 268 440 -0.85323
00000597 473 312 -0.86949
00000597 756 564 -0.880845
00000597 448 416 -0.892207
00000597 647 420 -0.91586
00000597 723 778 -0.915914
00000597 220 444 -0.961876
00000597 575 664 -0.991029
00000597 348 700 -0.997178
00000597 87 188 -1.00026
00000597 827 222 -1.01332
00000597 704 275 -1.02599
00000597 381 574 -1.03979
00000597 744 58 -1.04482
00000611 585 571 1.63052
00000611 328 372 1.15075
00000611 702 606 0.69406
00000611 638 564 0.651476
00000611 647 431 0.585676
00000611 327 395 0.167448
00000611 748 828 -0.137034
00000611 638 403 -0.145651
00000611 124 840 -0.43419
00000611 367 454 -0.48633
00000611 422 828 -0.491828
00000611 625 415 -0.512084
00000611 424 4 -0.604455
00000611 548 416 -0.702101
00000611 321 436 -0.73955
00000611 660 336 -0.758724
00000611 638 42 -0.803238
00000611 12 456 -0.908659
00000611 4 891 -0.921593
00000611 544 848 -0.943769
00000611 684 379 -0.95005
00000611 612 924 -0.964055
00000611 587 930 -0.976252
00000611 673 797 -1.03419
00000619 56 364 1.22131
00000619 334 231 -1.02382
00000631 689 932 0.260308
00000631 753 645 -0.660919
00000631 807 153 -0.820623
00000631 160 385 -0.948756
00000631 765 205 -0.965785
00000634 775 351 1.76035
00000634 527 240 0.40958
00000634 615 226 -0.118405
00000634 537 156 -0.364445
00000634 450 167 -0.460049
00000634 524 208 -0.560578
00000634 4 608 -0.571011
00000634 427 913 -0.61052
00000634 775 364 -0.631919
00000634 680 728 -0.727829
00000634 348 552 -0.748994
00000634 905 781 -0.755544
00000634 972 456 -0.792978
00000634 739 413 -0.906048
00000634 564 274 -0.923064
00000634 756 368 -0.941853
00000634 692 440 -0.948114
00000634 660 256 -0.956701
00000634 723 717 -1.00871
00000634 668 396 -1.02531
00000669 844 688 0.421083
00000669 904 844 0.181437
00000669 793 981 -0.338246
00000669 905 689 -0.351808
00000669 780 164 -0.472064
00000669 965 126 -0.575248
00000669 773 93 -0.707101
00000669 792 88 -0.732707
00000669 493 960 -0.754021
00000669 878 604 -0.757471
00000669 596 5 -0.782656
00000669 914 854 -0.787558
00000669 148 692 -0.814174
00000669 956 688 -0.822767
00000669 748 859 -0.851932
00000669 317 990 -0.882547
00000669 986 422 -0.961267
00000675 601 431 1.40119
00000675 595 290 1.11323
00000675 84 1016 0.775045
00000675 44 948 0.488107
00000675 280 285 0.261261
00000675 605 630 -0.176927
00000675 38 806 -0.308483
00000675 103 827 -0.518754
00000675 659 934 -0.600341
00000675 44 972 -0.970021
00000678 883 784 -0.574062
00000678 304 1007 -0.620696
00000678 870 870 -0.712821
00000678 987 280 -0.719297
00000678 871 275 -0.870777
00000678 763 354 -0.894574
00000678 544 411 -0.894622
00000678 876 848 -0.98924
00000678 180 344 -1.00922
00000678 595 767 -1.02314
00000678 983 188 -1.02951
00000692 572 132 0.399957
00000692 445 252 -0.0419251
00000692 330 364 -0.0848084
00000692 570 377 -0.15226
00000692 570 252 -0.19467
00000692 390 312 -0.201931
00000692 955 343 -0.273624
00000692 84 4 -0.320231
00000692 944 221 -0.328741
00000692 210 120 -0.374282
00000692 820 228 -0.480887
00000692 823 493 -0.506789
00000692 972 288 -0.538708
00000692 445 372 -0.631536
00000692 675 4 -0.640704
00000692 89 131 -0.686741
00000692 330 248 -0.687903
00000692 664 364 -0.707181
00000692 359 128 -0.713987
00000692 121 116 -0.760402
00000692 448 131 -0.779328
00000692 427 431 -0.813272
00000692 201 364 -0.853506
00000692 332 128 -0.920033
00000692 874 518 -0.978278
00000692 116 348 -1.01664
00000692 844 500 -1.02999
00000692 133 50 -1.0493
00000707 674 59 0.244796
00000707 704 876 -0.231539
00000707 374 596 -0.308034
00000707 691 321 -0.327582
00000707 778 763 -0.354285
00000707 714 423 -0.561523
00000707 1012 332 -0.595148
00000707 880 692 -0.597046
00000707 921 441 -0.611754
00000707 620 252 -0.701225
00000707 1012 716 -0.702226
00000707 672 412 -0.704229
00000707 796 538 -0.764778
00000707 660 620 -0.787944
00000707 716 352 -0.904594
00000707 360 596 -0.961345
00000707 952 332 -0.97162
00000707 617 801 -0.978518
00000728 973 917 1.06501
00000728 644 720 0.943709
00000728 649 728 0.340641
00000730 133 923 -0.625045
00000730 96 918 -0.708226
00000740 28 64 1.76503
00000740 4 398 -0.182776
00000740 628 474 -0.454067
00000740 644 280 -0.745558
00000740 231 261 -0.749472
00000740 107 587 -0.801409
00000740 645 694 -0.82888
00000740 887 270 -0.843036
00000740 275 105 -0.855456
00000740 278 424 -0.940677
00000744 153 131 1.36319
00000744 364 536 1.25437
00000744 1007 312 1.09753
00000744 538 279 0.886554
00000744 516 868 -0.635278
00000744 624 960 -0.66103
00000744 422 142 -0.716778
00000744 406 126 -0.768364
00000744 452 640 -0.799324
00000744 606 818 -0.802527
00000744 932 362 -0.812536
00000744 673 788 -0.920114
00000744 349 517 -0.931237
00000744 105 225 -0.935984
00000744 326 344 -0.979698
00000744 951 197 -0.99646
00000749 808 234 0.672036
00000749 896 690 0.00394627
00000749 673 111 -0.00918124
00000749 566 4 -0.266062
00000749 807 765 -0.3229
00000749 904 484 -0.530314
00000749 596 153 -0.648954
00000749 715 737 -0.659568
00000749 54 807 -0.777642
00000749 679 763 -0.81471
00000749 692 324 -0.909828
00000749 215 702 -1.00178
00000749 771 4 -1.0286
00000755 528 615 0.533641
00000755 340 384 -0.255103
00000755 26 390 -0.277011
00000755 325 103 -0.397534
00000755 295 79 -0.476936
00000755 205 100 -0.477397
00000755 238 87 -0.598234
00000755 60 355 -0.633338
00000755 60 132 -0.657739
00000755 295 26 -0.734932
00000755 358 15 -0.746465
00000755 300 10 -0.794628
00000755 408 20 -0.819536
00000755 206 162 -0.839543
00000755 174 78 -0.849752
00000755 264 28 -0.85054
00000755 120 158 -0.854783
00000755 147 163 -0.914846
00000755 113 329 -0.946289
00000755 304 681 -0.958701
00000755 265 73 -0.998197
00000755 236 24 -1.01213
00000755 321 151 -1.02115
00000755 4 243 -1.02452
00000755 348 184 -1.03495
00000755 4 385 -1.03704
00000755 450 167 -1.03991
00000766 291 467 0.62344
00000766 398 77 0.330903
00000766 620 211 -0.102552
00000766 842 517 -0.115241
00000766 575 142 -0.146913
00000766 261 788 -0.215363
00000766 228 148 -0.251926
00000766 292 532 -0.294235
00000766 934 72 -0.297158
00000766 390 307 -0.553105
00000766 625 88 -0.715198
00000766 770 36 -0.747669
00000766 381 179 -0.754177
00000766 380 708 -0.762546
00000766 280 87 -0.769094
00000766 714 329 -0.815103
00000766 280 55 -0.84618
00000766 243 997 -0.917462
00000766 279 680 -0.928531
00000766 307 781 -0.977066
00000766 692 388 -0.993166
00000766 428 188 -1.01595
00000766 638 221 -1.0212
00000766 163 670 -1.04759
00000766 4 518 -1.04943
00000774 140 496 1.0238
00000774 132 612 0.580789
00000774 152 285 0.20955
00000774 12 690 -0.197802
00000774 225 68 -0.212098
00000774 501 21 -0.288944
00000774 123 507 -0.433018
00000774 132 1012 -0.445049
00000774 115 544 -0.550985
00000774 554 42 -0.56342
00000774 215 298 -0.61867
00000774 188 528 -0.746489
00000774 487 379 -0.814455
00000774 212 48 -0.826677
00000774 210 347 -0.878823
00000774 132 284 -0.88784
00000774 28 1004 -0.901047
00000774 5 839 -0.947419
00000774 4 625 -0.949503
00000774 553 107 -0.95074
00000774 553 355 -0.957398
00000774 404 156 -0.963419
00000774 284 104 -1.00033
00000774 540 48 -1.00514
00000774 548 380 -1.02503
00000774 188 652 -1.02581
00000774 450 205 -1.03495
00000777 969 110 0.647786
00000777 930 467 -0.277667
00000777 984 654 -0.331718
00000777 916 856 -0.374242
00000777 804 257 -0.487405
00000777 812 440 -0.778223
00000777 756 588 -0.970155
00000777 775 681 -0.999623
00000778 327 121 0.980391
00000778 564 79 0.508791
00000778 712 744 -0.252109
00000778 712 13 -0.667619
00000778 638 1011 -0.791646
00000778 723 659 -0.798126
00000778 116 140 -0.843148
00000778 179 794 -0.887772
00000778 184 21 -0.981983
00000778 376 932 -1.03774
00000779 674 187 1.68486
00000779 997 131 1.10974
00000779 840 532 1.03476
00000779 707 265 0.961795
00000779 836 403 0.634708
00000779 716 292 0.251732
00000779 182 49 -0.392295
00000779 673 330 -0.832674
00000779 158 557 -0.990739
00000779 828 564 -1.00549
00000782 952 212 1.98577
00000782 904 172 1.73724
00000782 356 760 1.36386
00000782 944 716 0.762494
00000782 980 668 -0.524622
00000782 988 68 -0.732605
00000782 886 928 -0.776987
00000782 5 902 -0.879827
00000782 915 664 -0.903597
00000782 984 228 -0.983792
00000782 812 988 -0.993457
00000782 812 950 -1.0104
00000782 908 968 -1.02544
00000795 876 4 -0.688462
00000795 897 258 -0.876207
00000795 792 290 -1.04544
00000799 576 797 0.290552
00000799 970 738 -0.154725
00000799 406 775 -0.266457
00000799 605 635 -0.493978
00000799 611 840 -0.516538
00000799 332 823 -0.756148
00000799 902 306 -0.861392
00000799 381 679 -0.877909
00000799 287 998 -0.880219
00000799 261 385 -0.897832
00000799 436 572 -0.951451
00000799 73 753 -0.959059
00000799 180 964 -0.979298
00000799 445 408 -0.984269
00000799 343 427 -1.00802
00000809 227 917 1.67543
00000809 827 411 1.27253
00000809 930 945 1.14531
00000809 107 570 1.00179
00000809 828 440 0.286957
00000809 930 617 -0.572065
00000809 100 770 -0.940311
00000809 700 812 -0.941758
00000809 844 427 -0.942892
00000809 930 526 -0.951145
00000809 84 512 -0.956172
00000809 428 674 -0.970661
00000809 990 827 -0.983167
00000809 47 775 -0.991125
00000809 822 702 -0.993157
00000809 904 548 -1.00443
00000809 12 741 -1.01903
00000809 68 796 -1.02748
00000809 992 617 -1.04798
00000822 659 232 0.917452
00000822 151 280 0.549053
00000822 701 195 0.129704
00000822 621 30 0.0650931
00000822 636 248 -0.00534579
00000822 174 253 -0.0328742
00000822 950 925 -0.279928
00000822 169 298 -0.362969
00000822 60 440 -0.614578
00000822 868 4 -0.663366
00000822 26 538 -0.673162
00000822 142 984 -0.701705
00000822 124 810 -0.784056
00000822 307 215 -0.802493
00000822 188 664 -0.825505
00000822 970 64 -0.888852
00000822 188 822 -0.918477
00000822 124 349 -0.922592
00000822 997 221 -0.93727
00000822 691 163 -0.992769
00000822 332 422 -1.03124
00000822 321 448 -1.03828
00000826 910 108 1.58783
00000826 408 105 1.25698
00000826 64 150 0.531299
00000826 989 605 0.317926
00000826 100 195 0.303466
00000826 664 664 0.0858097
00000826 775 554 0.0501158
00000826 956 956 -0.0804874
00000826 44 72 -0.0971769
00000826 990 741 -0.302876
00000826 881 137 -0.318941
00000826 289 169 -0.369804
00000826 142 353 -0.39618
00000826 492 812 -0.413557
00000826 236 76 -0.46286
00000826 998 124 -0.528515
00000826 691 189 -0.529504
00000826 235 214 -0.552134
00000826 388 196 -0.553986
00000826 369 221 -0.583815
00000826 343 100 -0.602036
00000826 950 59 -0.662399
00000826 763 763 -0.669772
00000826 564 956 -0.672754
00000826 141 257 -0.694256
00000826 332 180 -0.696128
00000826 269 226 -0.697583
00000826 576 325 -0.720433
00000826 340 236 -0.740782
00000826 218 12 -0.741166
00000826 151 413 -0.75346
00000826 886 436 -0.758092
00000826 900 92 -0.7651
00000826 339 157 -0.788058
00000826 280 312 -0.78979
00000826 290 274 -0.790089
00000826 204 320 -0.793101
00000826 260 192 -0.794197
00000826 261 707 -0.809544
00000826 205 279 -0.823536
00000826 87 339 -0.826732
00000826 210 231 -0.841156
00000826 140 296 -0.843527
00000826 353 179 -0.848618
00000826 638 511 -0.851968
00000826 308 988 -0.86233
00000826 312 715 -0.886784
00000826 116 380 -0.893062
00000826 649 226 -0.901325
00000826 664 443 -0.924017
00000826 987 27 -0.942599
00000826 905 454 -0.947303
00000826 849 168 -0.954821
00000826 192 214 -0.957611
00000826 730 156 -0.964422
00000826 675 804 -0.965718
00000826 818 381 -0.970624
00000826 981 214 -0.97602
00000826 910 305 -1.00102
00000826 956 288 -1.00516
00000826 252 330 -1.01832
00000826 792 236 -1.02151
00000826 180 308 -1.04115
00000826 676 644 -1.04687
00000827 467 910 0.975719
00000827 561 673 0.330181
00000827 457 536 -0.0759673
00000827 572 532 -0.263636
00000827 408 712 -0.289095
00000827 292 384 -0.440175
00000827 468 424 -0.539582
00000827 840 960 -0.556621
00000827 548 464 -0.606431
00000827 532 620 -0.631392
00000827 611 381 -0.660476
00000827 572 616 -0.736378
00000827 670 617 -0.748118
00000827 353 891 -0.748173
00000827 182 477 -0.817159
00000827 404 448 -0.819606
00000827 714 787 -0.847642
00000827 332 606 -0.861933
00000827 321 554 -0.865492
00000827 526 979 -0.867819
00000827 216 564 -0.885636
00000827 444 900 -0.892656
00000827 617 406 -0.918161
00000827 404 576 -0.921072
00000827 585 384 -0.943312
00000827 269 701 -0.954926
00000827 820 996 -0.964378
00000827 237 617 -0.964482
00000827 140 932 -1.00291
00000827 206 528 -1.04206
00000828 113 344 2.07468
00000828 464 560 1.80255
00000828 585 733 0.68405
00000828 252 914 0.639535
00000828 24 448 0.378064
00000828 524 932 0.0871917
00000828 540 956 -0.187296
00000828 469 828 -0.257054
00000828 13 22 -0.605725
00000828 244 900 -0.691122
00000828 124 107 -0.694268
00000828 517 891 -0.793966
00000828 544 998 -0.811556
00000828 583 895 -0.811763
00000828 174 42 -0.847475
00000828 364 175 -0.858774
00000828 574 555 -0.914161
00000828 388 756 -0.930752
00000828 458 810 -0.996705
00000828 54 192 -1.02078
00000832 115 630 0.942961
00000832 184 881 -0.011633
00000832 244 76 -0.0867284
00000832 304 25 -0.648601
00000844 544 351 2.26736
00000844 604 192 2.09414
00000844 565 275 1.09785
00000844 326 505 -0.43085
00000844 532 752 -0.488896
00000844 68 740 -0.609954
00000844 436 480 -0.659814
00000844 424 814 -0.724877
00000844 900 440 -0.730028
00000844 908 344 -0.767707
00000844 715 38 -0.825267
00000844 554 364 -0.84196
00000845 218 407 1.74507
00000845 108 260 1.19638
00000845 913 533 0.585523
00000845 64 390 0.280806
00000845 115 458 0.279882
00000845 955 659 0.07647
00000845 241 605 0.0670079
00000845 388 800 0.0456563
00000845 44 48 -0.0550723
00000845 796 527 -0.0966096
00000845 533 200 -0.190181
00000845 690 780 -0.339155
00000845 211 994 -0.396612
00000845 920 842 -0.512873
00000845 116 52 -0.524641
00000845 654 935 -0.546949
00000845 73 832 -0.554013
00000845 87 422 -0.56752
00000845 748 280 -0.603452
00000845 307 693 -0.648489
00000845 162 517 -0.672425
00000845 497 605 -0.695053
00000845 585 590 -0.715035
00000845 339 359 -0.792794
00000845 839 538 -0.802006
00000845 21 338 -0.80689
00000845 92 796 -0.845201
00000845 41 87 -0.849299
00000845 276 84 -0.863942
00000845 842 379 -0.876612
00000845 518 312 -0.923939
00000845 611 280 -0.926796
00000845 507 265 -0.943082
00000845 408 882 -0.955813
00000845 852 828 -0.955997
00000845 30 8 -0.967963
00000845 828 960 -0.977546
00000845 158 874 -0.978439
00000845 34 699 -0.997782
00000845 921 595 -1.00343
00000845 605 842 -1.01504
00000845 964 392 -1.02292
00000845 886 762 -1.02779
00000845 647 265 -1.02912
00000845 884 148 -1.03049
00000845 388 668 -1.03118
00000845 415 475 -1.03377
00000845 359 930 -1.04733
00000845 739 192 -1.04813
00000860 68 205 0.746284
00000860 280 335 -0.387035
00000860 16 260 -0.43321
00000860 115 394 -0.768497
00000860 72 111 -0.800652
00000860 4 248 -0.80776
00000860 444 20 -0.833673
00000860 338 270 -0.85423
00000860 287 244 -0.926729
00000860 252 90 -0.931793
00000860 926 390 -0.936897
00000860 160 399 -0.961117
00000860 160 234 -0.979263
00000860 26 269 -0.982193
00000860 121 406 -1.00024
00000860 986 216 -1.01091
00000862 978 390 0.743212
00000862 418 55 0.598712
00000862 932 252 0.489737
00000862 948 396 0.199692
00000862 756 192 0.0484406
00000862 707 55 0.0121672
00000862 844 355 -0.140152
00000862 708 404 -0.190025
00000862 381 45 -0.308533
00000862 192 947 -0.509203
00000862 546 114 -0.658057
00000862 524 348 -0.668167
00000862 692 200 -0.714307
00000862 964 384 -0.759011
00000862 668 216 -0.761356
00000862 398 93 -0.801786
00000862 103 497 -0.855527
00000862 871 502 -0.855811
00000862 172 654 -0.888515
00000862 543 712 -0.926662
00000862 712 189 -0.971449
00000862 399 353 -0.987824
00000862 533 137 -1.01719
00000862 655 595 -1.03443
00000862 924 76 -1.04192
00000862 930 360 -1.04595
00000865 951 114 1.56212
00000865 664 235 -0.0770929
00000865 775 154 -0.470512
00000865 628 216 -0.484938
00000865 849 215 -0.592842
00000865 802 201 -0.597379
00000865 807 237 -0.697
00000865 767 252 -0.978579
00000865 836 188 -1.00173
00000865 644 204 -1.04712
00000870 300 140 1.40602
00000870 54 714 0.852298
00000870 132 332 0.785505
00000870 270 329 0.692637
00000870 85 887 0.584217
00000870 604 758 0.183727
00000870 252 924 0.169115
00000870 807 52 0.115738
00000870 832 787 0.0503789
00000870 396 492 -0.0196731
00000870 524 268 -0.0347652
00000870 369 113 -0.0634683
00000870 969 978 -0.0858488
00000870 748 356 -0.105892
00000870 307 960 -0.136233
00000870 280 206 -0.356045
00000870 468 28 -0.36208
00000870 674 733 -0.369015
00000870 756 612 -0.414198
00000870 162 887 -0.444453
00000870 491 606 -0.448838
00000870 355 338 -0.469907
00000870 701 818 -0.501506
00000870 132 842 -0.515773
00000870 490 248 -0.542902
00000870 206 4 -0.59714
00000870 407 330 -0.61886
00000870 94 902 -0.660156
00000870 93 403 -0.664323
00000870 452 844 -0.669732
00000870 444 188 -0.678439
00000870 723 172 -0.695316
00000870 484 227 -0.695922
00000870 708 772 -0.700248
00000870 753 4 -0.755972
00000870 454 206 -0.779065
00000870 813 886 -0.787559
00000870 364 204 -0.823666
00000870 844 501 -0.825887
00000870 295 613 -0.848532
00000870 204 108 -0.849788
00000870 348 792 -0.879275
00000870 527 407 -0.879864
00000870 548 972 -0.88879
00000870 475 535 -0.89083
00000870 317 128 -0.896309
00000870 148 860 -0.897366
00000870 712 891 -0.9014
00000870 452 572 -0.918598
00000870 786 343 -0.925625
00000870 212 628 -0.942987
00000870 796 816 -0.971903
00000870 438 147 -0.983035
00000870 886 441 -0.983705
00000870 1004 920 -0.99835
00000870 64 930 -1.00285
00000870 164 672 -1.02953
00000870 252 156 -1.03146
00000870 441 780 -1.03185
00000870 148 748 -1.0403
00000883 902 337 1.62457
00000883 289 441 1.32774
00000883 304 497 1.30667
00000883 716 748 0.719784
00000883 741 801 0.343478
00000883 668 860 0.0391838
00000883 972 772 0.0385031
00000883 524 324 0.0325945
00000883 167 968 -0.102875
00000883 620 565 -0.111876
00000883 124 913 -0.269408
00000883 454 50 -0.433626
00000883 764 180 -0.486823
00000883 205 913 -0.486901
00000883 180 864 -0.564078
00000883 540 376 -0.630428
00000883 132 685 -0.656825
00000883 724 828 -0.67171
00000883 605 374 -0.686082
00000883 464 197 -0.712119
00000883 785 266 -0.73646
00000883 812 526 -0.746377
00000883 840 142 -0.752291
00000883 870 634 -0.813849
00000883 840 987 -0.820524
00000883 892 656 -0.826915
00000883 895 372 -0.828202
00000883 871 891 -0.86999
00000883 784 831 -0.870222
00000883 96 895 -0.883054
00000883 744 131 -0.887154
00000883 491 261 -0.924921
00000883 604 236 -0.929175
00000883 932 739 -0.958353
00000883 636 748 -0.96384
00000883 5 728 -0.97296
00000883 132 930 -0.98058
00000883 612 168 -1.00642
00000883 934 533 -1.01181
00000883 941 500 -1.02065
00000883 613 630 -1.02442
00000883 501 141 -1.03096
00000883 150 990 -1.03221
00000883 753 714 -1.04384
00000883 741 291 -1.04542
00000883 765 416 -1.046
00000883 740 4 -1.04742
00000899 78 225 1.39414
00000899 90 377 -0.454131
00000899 400 500 -0.459672
00000899 93 241 -0.536341
00000899 184 317 -0.562787
00000899 60 336 -0.563607
00000899 374 485 -0.637784
00000899 632 228 -0.708791
00000899 536 228 -0.732239
00000899 34 305 -0.751542
00000899 68 360 -0.758664
00000899 150 342 -0.771987
00000899 205 306 -0.838367
00000899 103 448 -0.842624
00000899 866 227 -0.884826
00000899 162 192 -0.898574
00000899 64 381 -0.907741
00000899 767 124 -0.928603
00000899 279 406 -0.930722
00000899 124 206 -0.989477
00000899 28 208 -1.02434
00000899 831 514 -1.03077
00000901 913 26 0.183577
00000901 972 12 -0.351559
00000902 797 723 1.42596
00000902 776 197 -0.146417
00000902 807 73 -0.287135
00000902 956 793 -0.386513
00000902 588 76 -0.393103
00000902 758 523 -0.421192
00000902 806 810 -0.520949
00000902 930 132 -0.584174
00000902 840 812 -0.617332
00000902 831 877 -0.849033
00000902 976 675 -0.883412
00000902 796 696 -0.949368
00000902 972 140 -0.951899
00000902 406 21 -0.989877
00000913 684 812 -0.00844767
00000913 638 527 -0.046999
00000913 612 606 -0.162058
00000913 704 60 -0.209944
00000913 673 158 -0.65745
00000913 615 714 -0.691046
00000913 617 330 -0.752406
00000913 698 353 -0.8274
00000913 690 390 -0.880643
00000913 374 5 -0.954337
00000913 944 73 -0.969294
00000913 624 900 -0.980463
00000913 58 15 -0.991985
00000913 684 268 -0.99425
00000913 680 174 -1.0111
00000913 356 36 -1.02367
00000913 507 704 -1.04309
00000914 497 321 1.20204
00000914 844 596 0.106528
00000914 211 201 0.0625568
00000914 605 600 0.0287443
00000914 362 142 -0.2367
00000914 234 877 -0.278387
00000914 93 73 -0.535321
00000914 760 548 -0.571253
00000914 679 326 -0.612279
00000914 438 316 -0.702307
00000914 73 866 -0.76209
00000914 404 592 -0.80914
00000914 169 68 -0.876592
00000914 160 969 -0.881508
00000914 556 600 -0.907722
00000914 844 606 -0.927086
00000914 242 131 -0.928992
00000914 458 604 -0.933361
00000914 748 468 -1.02624
00000914 226 110 -1.03734
00000962 856 576 -0.015374
00000962 1004 684 -0.310904
00000962 1003 553 -0.344684
00000962 786 548 -0.535044
00000962 976 460 -0.714306
00000962 748 412 -0.83223
00000962 765 459 -0.845115
00000962 785 280 -1.0361
00000965 330 261 0.437415
00000965 468 400 0.389993
00000965 85 167 0.00716253
00000965 88 566 -0.500891
00000965 473 4 -0.982568
00000966 576 832 0.527263
00000966 444 164 0.292806
00000966 436 752 -0.437861
00000966 861 561 -0.460693
00000966 544 690 -0.58743
00000966 700 828 -0.637205
00000966 585 744 -0.682025
00000966 606 721 -0.790322
00000966 508 700 -0.795904
00000966 791 279 -0.823708
00000966 436 234 -0.853443
00000966 540 740 -0.880668
00000966 723 258 -0.938062
00000966 532 708 -0.962262
00000966 578 818 -0.996464
00000966 480 707 -1.00106
00000966 914 399 -1.04397
00000991 728 195 -0.52606
00001004 110 242 0.559977
00001004 41 390 -0.418571
00001004 100 244 -0.484677
00001004 78 436 -0.649791
00001004 105 840 -0.794404
00001004 724 4 -0.8085
00001004 4 295 -0.877157
00001004 100 712 -0.947693
00001004 743 201 -0.96143
00001006 765 343 0.121385
00001006 548 220 -0.875119
00001006 732 100 -0.909894
00001006 764 324 -1.00322
00001009 840 969 0.881343
00001009 913 416 -1.03157
00001015 934 527 -0.830338
00001022 849 374 0.813419
00001022 92 212 -0.6954
00001022 354 4 -0.879823
00001022 852 360 -0.911923
00001022 964 636 -0.983956
00001022 741 304 -0.985813
00001022 921 818 -1.01294
00001022 913 677 -1.02993
00001055 123 231 0.0900482
00001055 50 243 -0.229124
00001055 271 620 -0.295024
00001055 32 298 -0.591829
00001055 453 416 -0.646162
00001055 210 85 -0.718022
00001055 116 220 -0.839943
00001055 572 172 -0.913179
00001055 543 459 -1.04751
00001079 514 604 0.782331
00001079 928 701 -0.604789
00001079 638 733 -0.789381
00001084 258 791 -0.29755
00001084 497 956 -0.321499
00001084 348 976 -0.643749
00001084 628 852 -0.804806
00001084 595 910 -0.849771
00001084 355 938 -0.870099
00001084 165 932 -0.891127
00001084 288 804 -0.92716
00001084 96 895 -0.967103
00001084 44 797 -1.01123
00001088 661 105 0.929251
00001092 454 114 0.347609
00001092 211 354 0.20383
00001092 564 244 0.150662
00001092 532 68 0.0646677
00001092 554 147 -0.113443
00001092 611 211 -0.461753
00001092 132 338 -0.483878
00001092 569 163 -0.662652
00001092 527 278 -0.753848
00001092 526 201 -0.815208
00001092 556 120 -0.81797
00001092 468 28 -0.826688
00001092 98 25 -0.850586
00001092 532 164 -0.881514
00001108 102 4 0.368297
00001108 234 266 -0.92622
00001108 261 41 -1.0403
00001123 881 216 -0.671905
00001144 763 236 1.22425
00001144 817 123 1.0611
00001144 902 269 0.00998363
00001144 20 512 -0.0179937
00001144 913 90 -0.111278
00001144 72 107 -0.388534
00001144 820 108 -0.601929
00001144 930 103 -0.714959
00001144 913 210 -0.755671
00001144 60 76 -0.795247
00001144 796 476 -0.825166
00001144 121 205 -0.941562
00001144 480 396 -0.942103
00001144 4 316 -0.97555
00001157 952 60 0.950476
00001157 468 84 -0.216574
00001157 398 4 -0.605378
00001157 492 52 -0.701941
00001157 416 52 -0.722404
00001157 497 93 -0.763085
00001157 508 252 -0.886484
00001157 492 412 -0.918482
00001157 418 123 -1.0087
00001171 712 47 1.86184
00001171 428 992 -0.323969
00001171 4 930 -0.353443
00001171 724 28 -0.638666
00001171 861 192 -0.660699
00001171 784 964 -0.711293
00001171 540 944 -0.822224
00001171 507 1004 -0.938155
00001171 490 5 -0.952105
00001171 940 64 -1.01327
00001174 932 292 1.45079
00001174 380 972 -0.326743
00001174 452 464 -0.475323
00001174 960 231 -0.872965
00001174 480 564 -0.963136
00001174 588 812 -1.02071
00001174 910 241 -1.02798
00001219 548 804 0.263277
00001219 998 55 -0.604908
00001219 1008 258 -0.96409
00001226 398 733 0.0698669
00001226 585 699 -0.0986702
00001226 512 881 -0.223309
00001226 448 343 -0.300877
00001226 528 679 -0.510871
00001226 659 696 -0.561185
00001226 458 381 -0.572328
00001226 694 861 -0.642708
00001226 195 997 -0.711958
00001226 237 802 -0.854674
00001226 876 852 -0.929911
00001226 100 708 -0.970614
00001226 428 772 -0.97692
00001226 453 427 -0.990911
00001226 44 738 -1.04135
00001231 47 153 1.26383
00001231 206 252 -0.937956
00001239 321 284 1.19538
00001239 326 427 0.857669
00001239 103 428 -0.283532
00001239 613 98 -0.588319
00001239 236 396 -0.683776
00001239 335 454 -0.710908
00001239 418 169 -0.765732
00001239 100 484 -0.820648
00001239 359 325 -0.892139
00001239 664 330 -0.996361
