00000010 467 4 0.124654
00000010 712 96 -0.0540787
00000010 878 287 -0.118987
00000010 673 381 -0.429527
00000010 807 158 -0.438104
00000010 793 287 -0.490483
00000010 807 389 -0.578094
00000010 655 278 -0.663144
00000010 801 90 -0.684728
00000010 840 174 -0.762932
00000010 676 408 -0.797704
00000010 595 407 -0.833996
00000010 994 418 -0.924473
00000010 540 384 -0.937767
00000010 595 222 -0.94458
00000010 372 284 -0.944735
00000010 269 73 -1.00375
00000010 372 972 -1.02063
00000010 505 355 -1.02282
00000010 913 79 -1.02296
00000010 491 206 -1.02785
00000010 32 464 -1.04186
00000012 909 197 0.392449
00000012 123 98 -0.172242
00000012 859 298 -0.971365
00000012 227 115 -0.9762
00000012 748 148 -1.01897
00000025 628 772 0.421394
00000025 517 701 0.286804
00000025 480 833 0.167288
00000025 156 702 0.0993579
00000025 965 533 -0.0792587
00000025 241 930 -0.13185
00000025 569 702 -0.148775
00000025 970 29 -0.150523
00000025 804 124 -0.237019
00000025 469 923 -0.258455
00000025 243 606 -0.277417
00000025 739 317 -0.308757
00000025 441 608 -0.377802
00000025 300 612 -0.379013
00000025 406 701 -0.533633
00000025 969 509 -0.545992
00000025 398 610 -0.554548
00000025 244 912 -0.560484
00000025 976 274 -0.63433
00000025 844 184 -0.650746
00000025 175 904 -0.718231
00000025 910 645 -0.731575
00000025 628 808 -0.788243
00000025 236 700 -0.811271
00000025 148 900 -0.816111
00000025 432 692 -0.853694
00000025 167 878 -0.859417
00000025 491 611 -0.875976
00000025 732 752 -0.903666
00000025 477 970 -0.935159
00000025 511 997 -0.94997
00000025 554 802 -0.954268
00000025 640 700 -0.965198
00000025 211 610 -1.00723
00000025 396 700 -1.02329
00000025 278 608 -1.03521
00000027 822 712 1.44956
00000027 849 554 1.44627
00000027 103 669 0.911218
00000027 638 548 0.895881
00000027 110 501 0.841022
00000027 34 218 0.54293
00000027 34 270 0.489567
00000027 588 776 0.363784
00000027 298 271 0.262107
00000027 951 735 0.202065
00000027 708 360 0.0885391
00000027 645 846 -0.129513
00000027 300 172 -0.170777
00000027 497 768 -0.31455
00000027 234 528 -0.397075
00000027 708 408 -0.413018
00000027 536 576 -0.442081
00000027 620 675 -0.453601
00000027 317 998 -0.463734
00000027 844 540 -0.480158
00000027 141 295 -0.514046
00000027 574 620 -0.590945
00000027 300 566 -0.608522
00000027 570 4 -0.611318
00000027 600 44 -0.624549
00000027 670 606 -0.632807
00000027 284 723 -0.660251
00000027 500 156 -0.711671
00000027 480 622 -0.742702
00000027 201 4 -0.75455
00000027 310 654 -0.771793
00000027 612 532 -0.779165
00000027 124 768 -0.790126
00000027 381 55 -0.802974
00000027 913 535 -0.815764
00000027 60 887 -0.827332
00000027 172 460 -0.864593
00000027 986 770 -0.877472
00000027 458 690 -0.900219
00000027 996 516 -0.906879
00000027 997 601 -0.962642
00000027 644 764 -0.965574
00000027 398 896 -0.966537
00000027 244 372 -0.983631
00000027 647 222 -0.991598
00000027 196 748 -1.01865
00000027 390 712 -1.0196
00000027 151 307 -1.03774
00000027 684 260 -1.03788
00000027 820 696 -1.03861
00000027 289 307 -1.0417
00000027 142 934 -1.04281
00000027 556 404 -1.0463
00000055 518 180 1.9588
00000055 500 202 1.36532
00000055 81 505 1.35553
00000055 644 300 0.128737
00000055 763 502 0.0627019
00000055 605 113 -0.157288
00000055 964 916 -0.213572
00000055 884 876 -0.308643
00000055 733 531 -0.346356
00000055 457 157 -0.349193
00000055 444 692 -0.381764
00000055 34 158 -0.397997
00000055 1004 812 -0.399874
00000055 220 572 -0.408291
00000055 828 372 -0.41336
00000055 675 381 -0.440237
00000055 196 680 -0.492045
00000055 398 14 -0.494384
00000055 750 252 -0.543543
00000055 812 212 -0.561853
00000055 261 289 -0.644352
00000055 188 396 -0.647164
00000055 712 306 -0.670805
00000055 780 460 -0.701201
00000055 930 763 -0.709914
00000055 932 24 -0.732148
00000055 108 756 -0.765283
00000055 490 422 -0.771318
00000055 4 201 -0.777385
00000055 511 216 -0.804169
00000055 876 296 -0.808363
00000055 533 189 -0.818178
00000055 116 612 -0.827089
00000055 660 508 -0.851365
00000055 896 162 -0.863646
00000055 754 121 -0.914099
00000055 38 132 -0.920389
00000055 464 4 -0.92615
00000055 955 802 -0.933888
00000055 676 532 -0.980273
00000055 526 393 -0.999618
00000055 804 349 -1.00318
00000055 98 574 -1.00396
00000055 418 188 -1.02308
00000055 938 797 -1.02458
00000055 441 102 -1.02553
00000055 261 154 -1.02759
00000055 807 89 -1.04417
00000086 162 487 0.676896
00000086 32 555 0.34748
00000086 576 54 0.165501
00000086 501 606 0.0973849
00000086 565 372 -0.155084
00000086 172 236 -0.196711
00000086 244 52 -0.265421
00000086 22 22 -0.277961
00000086 516 188 -0.299173
00000086 343 796 -0.30917
00000086 268 940 -0.357763
00000086 733 349 -0.414352
00000086 960 395 -0.422612
00000086 359 398 -0.437943
00000086 243 583 -0.491666
00000086 535 411 -0.496889
00000086 349 566 -0.507486
00000086 758 124 -0.527734
00000086 516 84 -0.543304
00000086 269 31 -0.676626
00000086 300 881 -0.716716
00000086 343 659 -0.752505
00000086 353 110 -0.755273
00000086 468 456 -0.80299
00000086 38 617 -0.815601
00000086 72 137 -0.824651
00000086 124 493 -0.833395
00000086 553 64 -0.894057
00000086 295 355 -0.895836
00000086 292 848 -0.90809
00000086 142 472 -0.916638
00000086 698 167 -0.950846
00000086 895 372 -0.975295
00000086 98 167 -1.00106
00000086 332 640 -1.01664
00000086 556 400 -1.03966
00000087 812 460 1.62885
00000087 740 268 1.13007
00000087 891 840 0.900418
00000087 977 175 -0.214512
00000087 872 60 -0.48279
00000087 792 625 -0.564661
00000087 848 715 -0.606736
00000087 712 712 -0.630838
00000087 684 172 -0.657974
00000087 828 92 -0.766952
00000087 932 40 -0.870461
00000087 877 657 -0.879161
00000087 849 215 -0.929029
00000087 714 123 -0.956511
00000087 973 278 -0.959543
00000087 739 652 -1.01588
00000087 670 395 -1.04161
00000088 412 172 2.51677
00000088 484 136 1.12141
00000088 268 492 1.0484
00000088 556 68 0.892418
00000088 248 73 0.860219
00000088 84 20 0.667626
00000088 268 144 0.448418
00000088 670 15 0.335143
00000088 587 227 0.176574
00000088 572 40 -0.0486223
00000088 468 352 -0.116292
00000088 140 508 -0.119414
00000088 896 454 -0.190997
00000088 236 460 -0.20621
00000088 501 84 -0.445714
00000088 553 604 -0.468531
00000088 211 792 -0.744088
00000088 585 237 -0.750933
00000088 110 174 -0.777726
00000088 793 300 -0.786685
00000088 535 167 -0.796684
00000088 236 64 -0.865186
00000088 691 300 -0.870501
00000088 764 260 -0.905945
00000088 268 436 -0.938882
00000088 583 418 -0.945274
00000088 824 204 -0.952028
00000088 708 284 -0.953555
00000088 153 580 -0.968994
00000088 613 265 -0.980469
00000088 645 59 -0.99373
00000088 158 638 -1.01489
00000088 225 101 -1.01516
00000088 450 227 -1.02429
00000089 474 849 1.18111
00000089 462 300 0.670515
00000089 724 120 0.124442
00000089 733 237 -0.278515
00000089 460 156 -0.561377
00000089 647 831 -0.58662
00000089 723 142 -0.6031
00000089 724 380 -0.636055
00000089 859 799 -0.669468
00000089 647 629 -0.720319
00000089 859 413 -0.726083
00000089 645 674 -0.744884
00000089 638 480 -0.914491
00000089 772 216 -0.920558
00000089 881 226 -0.954104
00000089 891 839 -0.977495
00000089 748 180 -0.977817
00000089 796 997 -0.99358
00000089 960 817 -1.00167
00000089 332 172 -1.02638
00000093 59 905 -0.343145
00000093 24 960 -0.635506
00000093 4 908 -1.03217
00000095 981 621 1.2145
00000095 492 620 0.434693
00000095 913 728 -0.910285
00000095 215 969 -0.936473
00000095 21 917 -0.983941
00000095 647 570 -1.01046
00000108 16 244 1.2302
00000108 284 179 0.184474
00000108 4 4 0.0906266
00000108 732 12 0.0336477
00000108 252 799 -0.303263
00000108 192 881 -0.321563
00000108 923 1001 -0.425288
00000108 142 73 -0.601867
00000108 321 822 -0.638234
00000108 172 40 -0.657962
00000108 606 638 -0.705216
00000108 701 585 -0.716819
00000108 24 910 -0.765819
00000108 184 997 -0.866828
00000108 606 860 -0.907331
00000108 150 60 -0.922861
00000108 356 228 -0.956901
00000108 280 88 -0.961058
00000108 15 121 -0.970364
00000108 617 844 -0.972746
00000108 758 41 -0.974011
00000108 195 749 -0.979928
00000108 797 956 -0.986934
00000108 100 148 -0.994393
00000108 128 179 -1.02379
00000108 500 836 -1.02538
00000110 733 940 0.699265
00000110 676 520 -0.124826
00000110 820 728 -0.6515
00000110 861 4 -0.68181
00000110 828 738 -0.734003
00000110 818 754 -0.749099
00000110 868 388 -0.790405
00000110 808 508 -0.931175
00000110 913 617 -0.987976
00000143 358 944 1.64957
00000143 796 724 0.608362
00000143 976 659 0.542748
00000143 518 870 0.31878
00000143 356 932 -0.388833
00000143 913 121 -0.590388
00000143 5 174 -0.597978
00000143 369 664 -0.706944
00000143 312 913 -0.766304
00000143 980 796 -0.769134
00000143 424 42 -0.78866
00000143 344 895 -0.799392
00000143 969 381 -0.811548
00000143 339 876 -0.82494
00000143 554 596 -0.835552
00000143 842 640 -0.859315
00000143 475 926 -0.960754
00000143 839 670 -0.981521
00000143 231 4 -1.01816
00000143 730 969 -1.03966
00000143 416 948 -1.04626
00000156 788 992 1.54859
00000156 124 578 0.0399901
00000156 115 527 -0.40694
00000156 758 923 -0.914897
00000156 775 943 -0.992584
00000158 422 216 0.395313
00000158 416 204 -0.452225
00000158 527 290 -0.511054
00000158 592 238 -0.813274
00000158 840 96 -0.821536
00000158 840 13 -0.838841
00000158 793 424 -0.869786
00000158 532 272 -0.875007
00000158 175 72 -0.934918
00000164 630 917 1.31163
00000164 773 64 -0.245501
00000164 544 956 -0.310137
00000164 758 878 -0.326293
00000164 913 986 -0.576848
00000164 818 4 -0.643931
00000164 660 764 -0.688646
00000164 588 208 -0.710753
00000164 572 300 -0.788986
00000164 724 28 -0.831168
00000164 469 469 -0.86117
00000164 721 211 -0.910016
00000164 716 236 -0.917587
00000164 876 1016 -0.972849
00000164 395 902 -1.02139
00000164 716 180 -1.03122
00000165 704 9 -0.364715
00000165 940 564 -0.953798
00000165 849 960 -1.0418
00000174 380 232 0.593203
00000174 891 93 0.152516
00000174 895 1006 0.0891081
00000174 317 105 -0.0125944
00000174 236 268 -0.179231
00000174 904 188 -0.498046
00000174 902 36 -0.523999
00000174 32 110 -0.541833
00000174 380 100 -0.600576
00000174 385 242 -0.686067
00000174 5 131 -0.717387
00000174 1008 923 -0.728394
00000174 644 764 -0.732606
00000174 348 196 -0.764801
00000174 284 156 -0.773229
00000174 868 940 -0.795723
00000174 132 24 -0.861555
00000174 320 180 -0.866371
00000174 932 983 -0.894912
00000174 396 956 -0.913712
00000174 938 287 -0.918305
00000174 732 196 -0.921266
00000174 739 206 -0.961384
00000174 670 5 -0.962608
00000174 121 68 -0.96896
00000174 900 900 -0.969439
00000174 212 988 -0.992686
00000174 780 620 -0.996425
00000179 970 763 -0.0867213
00000179 4 840 -0.166028
00000179 807 36 -0.214718
00000179 180 364 -0.251955
00000179 308 36 -0.302564
00000179 5 274 -0.358792
00000179 355 4 -0.43727
00000179 320 393 -0.52282
00000179 141 235 -0.608547
00000179 175 878 -0.758431
00000179 969 606 -0.770664
00000179 148 356 -0.874257
00000179 4 891 -0.876958
00000179 956 884 -0.879048
00000179 839 36 -0.907925
00000179 300 100 -0.920336
00000179 310 93 -0.946187
00000179 4 808 -0.972508
00000179 156 900 -0.990956
00000189 980 756 0.821421
00000189 132 640 -0.0483678
00000189 88 714 -0.390434
00000189 956 921 -0.45119
00000189 566 280 -0.797406
00000189 836 764 -0.808749
00000189 647 464 -0.823617
00000189 184 184 -0.841973
00000189 938 681 -0.849853
00000189 197 615 -0.87113
00000189 132 756 -0.92597
00000189 923 902 -1.0284
00000189 564 237 -1.03362
00000194 601 767 1.65014
00000194 592 794 -0.929934
00000205 450 724 0.254572
00000205 339 477 0.121896
00000205 260 807 0.0768211
00000205 216 707 -0.0358175
00000205 338 390 -0.476889
00000205 908 28 -0.530226
00000205 244 620 -0.549319
00000205 326 473 -0.600123
00000205 509 799 -0.605467
00000205 228 484 -0.696042
00000205 500 4 -0.726652
00000205 438 635 -0.826542
00000205 448 496 -0.845603
00000205 457 29 -0.899547
00000205 407 98 -0.936949
00000205 913 184 -0.942651
00000205 325 704 -0.943632
00000205 613 724 -0.987344
00000205 535 565 -1.00858
00000205 634 4 -1.02079
00000205 497 625 -1.02151
00000205 278 450 -1.04439
00000221 441 986 0.490688
00000221 205 5 0.0166319
00000221 169 831 -0.272556
00000221 124 868 -0.433454
00000221 4 509 -0.693592
00000221 353 902 -0.777436
00000221 180 820 -0.856446
00000221 123 960 -0.906969
00000221 359 792 -0.940977
00000221 468 892 -0.998399
00000221 279 786 -1.04738
00000240 467 167 0.82876
00000240 600 438 0.427919
00000240 454 601 0.13887
00000240 659 147 -0.388793
00000240 580 116 -0.500242
00000240 532 844 -0.502306
00000240 566 147 -0.663871
00000240 516 828 -0.743783
00000240 611 702 -0.756036
00000240 436 105 -0.893334
00000240 460 744 -0.958849
00000240 475 930 -1.01884
00000240 580 64 -1.02467
00000250 608 553 1.26946
00000250 441 441 0.309651
00000250 364 460 0.248348
00000250 248 416 0.153138
00000250 236 452 -0.105214
00000250 79 416 -0.387638
00000250 638 785 -0.400328
00000250 192 464 -0.563721
00000250 460 460 -0.587924
00000250 622 543 -0.626162
00000250 15 533 -0.676875
00000250 411 448 -0.680227
00000250 404 444 -0.688756
00000250 244 471 -0.755138
00000250 775 321 -0.755564
00000250 638 441 -0.822605
00000250 773 152 -0.842217
00000250 24 182 -0.885845
00000250 73 195 -0.905472
00000250 312 244 -0.905689
00000250 385 248 -0.921459
00000250 244 810 -1.00392
00000250 772 948 -1.02098
00000250 98 214 -1.03723
00000254 411 304 0.553608
00000254 666 225 0.303429
00000254 78 105 -0.079385
00000254 668 180 -0.239821
00000254 353 89 -0.310931
00000254 475 77 -0.335789
00000254 278 913 -0.405288
00000254 647 424 -0.470013
00000254 261 938 -0.560879
00000254 321 248 -0.831432
00000254 295 38 -0.881485
00000254 108 444 -0.945803
00000254 73 625 -0.988498
00000254 460 156 -1.02142
00000254 674 152 -1.03352
00000257 716 968 1.80255
00000257 775 960 0.912223
00000257 172 438 0.756213
00000257 684 924 0.54601
00000257 583 578 0.535516
00000257 728 433 0.0798589
00000257 380 968 -0.348945
00000257 427 964 -0.364689
00000257 930 733 -0.689175
00000257 546 832 -0.820777
00000257 701 464 -0.845313
00000257 546 974 -0.857028
00000257 647 458 -0.885624
00000257 196 360 -0.942851
00000257 615 792 -0.994735
00000257 654 955 -1.03251
00000257 560 660 -1.03603
00000257 932 831 -1.04939
00000262 740 156 1.01402
00000262 733 242 0.0104545
00000262 258 459 -0.0564578
00000262 251 300 -0.104736
00000262 480 274 -0.158246
00000262 47 321 -0.333286
00000262 546 1004 -0.335033
00000262 418 574 -0.479171
00000262 252 947 -0.510527
00000262 248 998 -0.52561
00000262 460 52 -0.525888
00000262 4 990 -0.547841
00000262 108 192 -0.618686
00000262 169 298 -0.657006
00000262 754 153 -0.735717
00000262 767 179 -0.742774
00000262 103 393 -0.772787
00000262 404 8 -0.786286
00000262 621 4 -0.789417
00000262 732 232 -0.837108
00000262 19 635 -0.930334
00000262 121 902 -0.938481
00000262 206 910 -0.939637
00000262 773 14 -0.956637
00000262 551 142 -1.00436
00000262 418 822 -1.00698
00000274 220 180 0.211641
00000274 372 80 0.0230034
00000274 47 839 -0.594091
00000274 179 237 -0.623622
00000274 232 321 -0.783255
00000274 502 960 -0.877845
00000274 454 621 -0.903332
00000274 108 211 -0.907118
00000274 340 128 -0.911269
00000274 389 935 -0.935873
00000274 364 51 -0.943122
00000274 358 68 -0.983871
00000274 231 244 -1.00792
00000274 244 412 -1.02345
00000289 691 31 -0.714238
00000289 4 544 -0.778347
00000289 480 237 -0.982796
00000289 576 4 -0.98994
00000299 704 600 0.374632
00000299 647 94 -0.210476
00000299 172 251 -0.320696
00000299 260 404 -0.338983
00000299 949 36 -0.378759
00000299 491 36 -0.631771
00000299 248 321 -0.788072
00000299 955 201 -0.790044
00000299 944 807 -0.810506
00000299 533 158 -0.814545
00000299 886 578 -0.818635
00000299 771 55 -0.833836
00000299 511 390 -0.845442
00000299 976 916 -0.856078
00000299 998 896 -0.873509
00000299 913 252 -0.932382
00000299 792 118 -0.935275
00000299 895 87 -0.955014
00000299 164 348 -0.969653
00000299 5 274 -0.969831
00000299 712 271 -0.979773
00000299 469 110 -1.00264
00000299 116 996 -1.0053
00000299 876 868 -1.03574
00000300 840 508 0.884963
00000300 464 913 0.638824
00000300 738 248 0.20654
00000300 492 200 0.06678
00000300 604 390 0.0335869
00000300 840 464 0.0325415
00000300 768 320 -0.0415011
00000300 831 78 -0.137028
00000300 926 158 -0.321265
00000300 730 105 -0.363854
00000300 4 896 -0.395187
00000300 657 206 -0.399542
00000300 544 188 -0.560664
00000300 79 971 -0.593753
00000300 408 452 -0.605941
00000300 457 457 -0.660083
00000300 476 552 -0.691253
00000300 802 49 -0.768644
00000300 252 555 -0.776723
00000300 472 956 -0.840615
00000300 715 450 -0.84868
00000300 407 930 -0.854093
00000300 467 896 -0.854337
00000300 668 276 -0.860097
00000300 964 132 -0.892443
00000300 884 132 -0.892937
00000300 989 83 -0.905728
00000300 553 261 -0.932762
00000300 692 272 -0.945839
00000300 588 196 -0.94748
00000300 785 234 -0.966209
00000300 860 5 -0.97485
00000300 276 700 -1.02969
00000302 915 851 1.37471
00000302 30 102 0.0387627
00000302 677 81 -0.000977945
00000302 93 512 -0.0518592
00000302 476 484 -0.101641
00000302 332 156 -0.192597
00000302 754 754 -0.224004
00000302 469 517 -0.302329
00000302 436 976 -0.32105
00000302 701 353 -0.479084
00000302 508 556 -0.498067
00000302 998 308 -0.558158
00000302 972 340 -0.566839
00000302 744 110 -0.57841
00000302 516 636 -0.623695
00000302 107 775 -0.626512
00000302 452 120 -0.681441
00000302 540 724 -0.720347
00000302 611 813 -0.732192
00000302 934 116 -0.742071
00000302 512 910 -0.765808
00000302 621 390 -0.76679
00000302 511 100 -0.775224
00000302 55 859 -0.781817
00000302 460 516 -0.781918
00000302 167 30 -0.831196
00000302 464 987 -0.855695
00000302 915 339 -0.883564
00000302 666 179 -0.901346
00000302 206 137 -0.913358
00000302 636 156 -0.919947
00000302 754 448 -0.938742
00000302 743 142 -0.94502
00000302 684 684 -0.967847
00000302 220 556 -0.968459
00000302 1004 252 -0.977179
00000302 654 807 -0.989863
00000302 950 773 -1.00522
00000302 765 828 -1.01246
00000302 55 698 -1.01467
00000302 565 836 -1.02562
00000302 758 275 -1.02647
00000302 148 504 -1.03168
00000302 22 914 -1.04064
00000302 652 420 -1.04659
00000360 85 81 1.48278
00000360 427 327 0.560959
00000360 44 4 0.142995
00000360 808 647 -0.0588375
00000360 906 389 -0.444379
00000360 88 124 -0.519988
00000360 459 36 -0.554075
00000360 938 137 -0.614317
00000360 96 399 -0.68475
00000360 121 443 -0.704451
00000360 420 320 -0.70804
00000360 604 673 -0.738465
00000360 853 291 -0.839646
00000360 680 42 -0.868353
00000360 785 620 -0.892195
00000360 796 492 -0.906846
00000360 500 477 -0.965792
00000360 652 168 -1.01628
00000360 332 131 -1.02085
00000370 467 699 1.42169
00000370 886 674 0.799828
00000370 836 561 0.0904849
00000370 878 398 -0.528979
00000370 736 644 -0.550648
00000370 394 484 -0.566855
00000370 748 484 -0.617464
00000370 524 928 -0.629556
00000370 707 509 -0.656349
00000370 628 480 -0.684392
00000370 390 458 -0.691008
00000370 516 952 -0.851939
00000370 781 638 -0.89477
00000370 758 654 -0.933321
00000370 164 564 -0.99177
00000370 645 654 -1.00783
00000370 813 611 -1.01294
00000383 231 458 2.11917
00000383 24 689 -0.0858898
00000383 20 884 -0.165003
00000400 344 941 1.06172
00000400 448 950 0.819705
00000400 108 224 0.349056
00000400 45 124 0.218011
00000400 960 994 0.0537219
00000400 548 932 -0.185978
00000400 175 270 -0.278103
00000400 427 934 -0.390003
00000400 4 52 -0.499451
00000400 338 715 -0.620876
00000400 528 964 -0.778462
00000400 700 164 -0.83765
00000400 612 532 -0.925423
00000400 205 1013 -0.992515
00000400 93 211 -1.00728
00000400 517 950 -1.04203
00000426 416 1002 1.50111
00000426 569 657 0.849335
00000426 597 647 0.4467
00000426 740 660 -0.180521
00000426 237 612 -0.272915
00000426 980 800 -0.361703
00000426 698 655 -0.414442
00000426 364 836 -0.524708
00000426 215 964 -0.606704
00000426 244 938 -0.63396
00000426 248 955 -0.737924
00000426 807 818 -0.759861
00000426 620 620 -0.785939
00000426 521 881 -0.79936
00000426 24 433 -0.813111
00000426 348 836 -0.827231
00000426 606 448 -0.842417
00000426 36 988 -0.849433
00000426 630 664 -0.871052
00000426 553 497 -0.875245
00000426 344 620 -0.889087
00000426 772 628 -0.894947
00000426 532 900 -0.961205
00000426 452 888 -1.04373
00000428 115 201 1.06131
00000428 404 52 -0.426205
00000428 64 564 -0.601343
00000428 381 102 -0.7025
00000428 280 270 -0.778281
00000428 58 258 -0.817912
00000428 231 201 -0.824665
00000428 676 676 -0.845183
00000428 280 172 -0.894628
00000428 359 280 -0.9179
00000428 300 88 -0.939598
00000428 415 252 -1.00674
00000428 390 174 -1.00866
00000428 221 121 -1.02498
00000428 132 196 -1.0343
00000443 868 877 -0.462685
00000443 940 244 -0.610157
00000461 412 856 0.949243
00000461 728 732 0.339611
00000461 408 914 0.133217
00000461 374 585 0.0338154
00000461 458 840 0.0196362
00000461 538 723 -0.26915
00000461 920 732 -0.417256
00000461 638 981 -0.632142
00000461 800 988 -0.638718
00000461 541 654 -0.765991
00000461 876 824 -0.768268
00000461 360 516 -0.810346
00000461 996 148 -0.902003
00000461 652 420 -0.907923
00000461 290 944 -0.910522
00000461 408 650 -0.997828
00000461 30 390 -1.00155
00000461 714 502 -1.00702
00000461 902 569 -1.0139
00000461 636 584 -1.03257
00000461 544 47 -1.03611
00000461 172 83 -1.04975
00000473 601 754 -0.960551
00000475 999 989 1.02841
00000475 364 261 0.174448
00000475 473 169 0.00918585
00000475 356 568 -0.0601556
00000475 287 47 -0.239803
00000475 806 4 -0.527824
00000475 4 876 -0.782371
00000475 349 464 -0.900841
00000475 177 64 -0.965432
00000475 724 330 -0.973747
00000475 978 555 -0.976753
00000475 398 4 -0.977503
00000475 721 799 -1.00785
00000475 764 164 -1.01248
00000475 12 892 -1.02654
00000475 300 158 -1.04102
00000493 535 47 1.75278
00000493 763 984 0.310008
00000493 487 822 -0.293518
00000493 395 52 -0.569941
00000493 304 518 -0.789474
00000493 464 997 -0.831138
00000493 348 180 -0.902923
00000493 730 859 -0.987784
00000493 418 221 -1.0053
00000493 516 392 -1.02804
00000515 244 12 -0.0495913
00000515 818 839 -0.456696
00000515 786 701 -0.558753
00000515 304 90 -0.755387
00000515 804 848 -0.766949
00000515 188 756 -0.834724
00000515 113 4 -0.879502
00000515 978 436 -0.89218
00000515 192 977 -0.893348
00000515 700 732 -0.964145
00000515 955 36 -0.987063
00000515 326 583 -1.01129
00000515 196 108 -1.03192
00000521 518 583 0.923773
00000521 615 509 0.313309
00000521 595 570 0.0779758
00000521 532 700 -0.093015
00000521 832 157 -0.178217
00000521 540 552 -0.390554
00000521 484 703 -0.542594
00000521 469 891 -0.798311
00000521 543 707 -0.834827
00000521 244 496 -0.840858
00000521 500 776 -0.862766
00000521 427 941 -0.879134
00000521 849 174 -0.891781
00000521 180 992 -0.892045
00000521 532 820 -0.938359
00000521 237 654 -0.94044
00000521 588 428 -0.955611
00000521 468 780 -0.978905
00000534 741 201 -0.323884
00000534 492 632 -0.399685
00000534 332 308 -0.476408
00000534 500 583 -0.478544
00000534 764 824 -0.585546
00000534 264 140 -0.663665
00000534 654 241 -0.666491
00000534 332 4 -0.717159
00000534 628 184 -0.760499
00000534 831 206 -0.799025
00000534 938 655 -0.824646
00000534 944 670 -0.835499
00000534 739 124 -0.894149
00000534 321 270 -0.898758
00000534 732 140 -0.912112
00000534 164 956 -0.933569
00000534 764 208 -0.941584
00000534 458 535 -0.972922
00000534 630 167 -0.978914
00000534 725 243 -0.996974
00000534 154 278 -1.02779
00000534 517 605 -1.04435
00000539 252 380 1.03281
00000539 248 428 0.498026
00000539 81 197 0.35397
00000539 257 509 -0.0217625
00000539 76 232 -0.407393
00000539 236 556 -0.50168
00000539 260 389 -0.676922
00000539 101 326 -0.812667
00000539 4 229 -0.855083
00000539 269 585 -0.870452
00000539 201 647 -1.00147
00000542 329 994 0.150461
00000542 730 271 0.0262683
00000542 433 428 -0.0326075
00000542 832 246 -0.30215
00000542 853 360 -0.519203
00000542 930 354 -0.548067
00000542 613 158 -0.648607
00000542 620 96 -0.732336
00000542 372 124 -0.778121
00000542 477 428 -0.868874
00000542 828 395 -0.881758
00000542 353 965 -0.916974
00000542 311 226 -0.967362
00000542 638 169 -1.00604
00000542 896 441 -1.04195
00000542 744 496 -1.04706
00000556 820 136 2.30469
00000556 68 905 -0.871043
00000556 287 90 -1.01367
00000558 300 34 0.96174
00000558 694 103 0.67281
00000558 615 482 0.533629
00000558 698 231 0.253846
00000558 544 608 -0.110486
00000558 372 980 -0.360039
00000558 812 120 -0.457687
00000558 427 188 -0.465106
00000558 507 108 -0.60526
00000558 630 244 -0.619606
00000558 438 179 -0.720423
00000558 635 260 -0.82244
00000558 317 509 -0.82684
00000558 372 4 -0.83561
00000558 448 379 -0.836799
00000558 458 167 -0.852112
00000558 895 748 -0.864457
00000558 822 220 -0.899299
00000558 436 555 -0.919654
00000558 635 581 -0.94359
00000572 175 484 1.5767
00000572 172 572 1.06994
00000572 124 584 0.0805889
00000572 948 48 -0.00820646
00000572 992 100 -0.102404
00000572 938 68 -0.107729
00000572 164 376 -0.663599
00000572 810 681 -0.75643
00000572 661 657 -0.800295
00000572 415 690 -0.811101
00000572 708 640 -0.845952
00000572 948 236 -0.854464
00000572 204 404 -0.895386
00000572 768 652 -0.900425
00000572 836 120 -0.984468
00000572 216 411 -0.986215
00000572 215 597 -1.01035
00000572 68 565 -1.02355
00000572 427 923 -1.04731
00000583 848 468 1.19613
00000583 944 986 -0.857933
00000612 748 60 1.5329
00000612 861 645 0.78919
00000612 822 654 0.0210894
00000612 501 527 -0.660893
00000612 930 763 -0.725197
00000612 510 544 -0.828767
00000612 585 538 -0.866639
00000612 615 300 -0.97941
00000612 509 634 -0.984305
00000612 565 638 -1.01186
00000612 938 312 -1.01678
00000620 492 36 1.4963
00000620 270 44 0.400018
00000620 501 42 -0.697397
00000620 4 49 -0.867516
00000620 84 76 -0.924037
00000620 4 24 -1.02104
00000625 796 392 -0.783162
00000625 981 424 -0.893694
00000625 876 508 -1.04851
00000629 744 237 0.98537
00000629 158 827 -0.496773
00000629 604 312 -0.642861
00000629 861 437 -0.780162
00000629 141 930 -0.811718
00000629 180 972 -0.897114
00000629 740 232 -1.01018
00000639 721 399 1.45073
00000639 686 606 1.13282
00000639 758 441 -0.700735
00000639 167 34 -0.713229
00000639 736 284 -0.837057
00000639 741 385 -0.973903
00000639 664 921 -1.03641
00000644 544 77 2.0005
00000644 680 538 0.0414571
00000644 443 733 -0.0498333
00000644 467 986 -0.165804
00000644 600 796 -0.226548
00000644 574 542 -0.227196
00000644 531 792 -0.262796
00000644 196 168 -0.364236
00000644 506 860 -0.534258
00000644 601 854 -0.546247
00000644 536 4 -0.547218
00000644 685 861 -0.568758
00000644 50 215 -0.654512
00000644 638 840 -0.72344
00000644 693 840 -0.767648
00000644 441 913 -0.871215
00000644 600 861 -0.910138
00000644 680 796 -0.945723
00000644 427 964 -0.961771
00000644 369 649 -0.976431
00000644 227 981 -0.977669
00000658 951 450 1.68714
00000658 211 44 -0.970424
00000658 72 227 -0.992694
00000658 986 818 -1.03681
00000663 516 368 0.306176
00000663 227 514 -0.404834
00000663 228 304 -0.536129
00000663 220 608 -0.640626
00000663 416 390 -0.665845
00000663 220 696 -0.677308
00000663 228 184 -0.695591
00000663 215 932 -0.742107
00000663 518 42 -0.823617
00000663 220 428 -0.899474
00000663 218 814 -0.901628
00000663 231 64 -0.907058
00000663 156 920 -0.992495
00000667 312 943 0.923451
00000667 990 205 0.251167
00000667 211 531 -0.0790566
00000667 407 505 -0.195218
00000667 519 574 -0.225256
00000667 487 29 -0.524253
00000667 490 506 -0.56715
00000667 295 248 -0.572743
00000667 50 500 -0.636446
00000667 124 496 -0.80064
00000667 192 497 -0.838201
00000667 335 505 -0.871085
00000667 892 948 -0.885087
00000667 311 664 -0.910069
00000667 638 670 -0.918872
00000667 153 670 -0.95554
00000667 308 268 -0.973517
00000667 216 876 -0.982288
00000667 868 36 -1.00471
00000671 473 422 0.747844
00000671 886 280 -0.427579
00000671 308 868 -0.434321
00000671 880 372 -0.631233
00000671 874 801 -0.734422
00000671 758 484 -0.745079
00000671 948 356 -0.791151
00000671 364 131 -0.857077
00000671 880 708 -0.864903
00000671 50 569 -0.890188
00000671 874 887 -0.910539
00000671 142 865 -0.960661
00000671 355 857 -0.960696
00000671 916 52 -0.979369
00000671 884 332 -0.995492
00000671 960 275 -1.0278
00000671 206 854 -1.02859
00000671 68 459 -1.0387
00000685 252 152 2.12849
00000685 108 88 1.49271
00000685 105 50 0.557122
00000685 107 325 0.141768
00000685 974 335 0.138007
00000685 500 4 -0.00292155
00000685 818 596 -0.15828
00000685 268 600 -0.1811
00000685 796 12 -0.221341
00000685 849 5 -0.354261
00000685 487 595 -0.38324
00000685 947 8 -0.425524
00000685 364 831 -0.446086
00000685 234 569 -0.44862
00000685 965 781 -0.455366
00000685 390 308 -0.502348
00000685 553 4 -0.525498
00000685 968 501 -0.603802
00000685 422 575 -0.609406
00000685 997 944 -0.622273
00000685 369 4 -0.633228
00000685 908 595 -0.637802
00000685 55 4 -0.660785
00000685 68 536 -0.669618
00000685 906 654 -0.713816
00000685 201 304 -0.721044
00000685 973 278 -0.730488
00000685 990 8 -0.73171
00000685 388 656 -0.733117
00000685 818 649 -0.784545
00000685 216 5 -0.79801
00000685 443 753 -0.820847
00000685 55 25 -0.829219
00000685 652 312 -0.836085
00000685 891 501 -0.841276
00000685 59 353 -0.845283
00000685 491 657 -0.850393
00000685 976 428 -0.885713
00000685 659 5 -0.893874
00000685 252 520 -0.913738
00000685 332 844 -0.924887
00000685 317 914 -0.937707
00000685 406 934 -0.971258
00000685 986 501 -0.977916
00000685 535 411 -0.989148
00000685 965 839 -1.00112
00000685 364 636 -1.00883
00000685 956 793 -1.02854
00000691 182 694 0.674131
00000691 107 72 -1.04523
00000701 881 934 0.642818
00000701 263 733 -0.365777
00000701 220 244 -0.549158
00000701 800 724 -0.554694
00000701 723 654 -0.57806
00000701 58 142 -0.623751
00000701 321 269 -0.650579
00000701 418 578 -0.664351
00000701 276 548 -0.676722
00000701 271 592 -0.709702
00000701 427 147 -0.734958
00000701 180 284 -0.748937
00000701 121 142 -0.825068
00000701 204 352 -0.839918
00000701 168 484 -0.842416
00000701 330 445 -0.867666
00000701 278 201 -0.869208
00000701 424 685 -0.882455
00000701 42 750 -0.938496
00000701 325 773 -0.946044
00000701 327 628 -0.957285
00000701 428 176 -0.960194
00000701 428 128 -0.978554
00000701 44 123 -0.984742
00000701 418 551 -1.0255
00000701 433 723 -1.03472
00000701 807 543 -1.04353
00000710 684 452 0.0250175
00000710 315 310 -0.0520847
00000710 31 142 -0.118471
00000710 576 714 -0.185672
00000710 540 108 -0.20073
00000710 252 280 -0.308958
00000710 536 116 -0.632363
00000710 36 128 -0.646479
00000710 284 908 -0.742292
00000710 244 30 -0.978732
00000715 290 923 1.21297
00000715 398 887 0.669337
00000715 784 38 -0.779753
00000715 276 932 -0.793297
00000715 868 668 -0.854444
00000715 234 932 -1.00942
00000721 540 596 0.844893
00000721 544 68 0.447693
00000721 55 638 0.100679
00000721 307 629 0.0633902
00000721 353 730 -0.064897
00000721 871 851 -0.556324
00000721 216 839 -0.556473
00000721 276 644 -0.604884
00000721 527 758 -0.606792
00000721 964 853 -0.615131
00000721 4 564 -0.615297
00000721 836 407 -0.650619
00000721 561 192 -0.691493
00000721 235 775 -0.716118
00000721 369 172 -0.726811
00000721 347 647 -0.727941
00000721 399 831 -0.733736
00000721 654 78 -0.747273
00000721 955 664 -0.749092
00000721 304 120 -0.7671
00000721 964 930 -0.775807
00000721 533 712 -0.782437
00000721 321 724 -0.796175
00000721 881 944 -0.845701
00000721 536 743 -0.868555
00000721 596 849 -0.873704
00000721 930 364 -0.899879
00000721 374 406 -0.914041
00000721 287 707 -0.934991
00000721 221 4 -0.94512
00000721 775 701 -0.95135
00000721 645 9 -1.01334
00000721 436 376 -1.02325
00000721 536 448 -1.02899
00000721 624 12 -1.04815
00000770 902 438 0.767643
00000770 964 463 0.541407
00000770 660 407 -0.0844833
00000770 660 295 -0.167275
00000770 714 453 -0.27163
00000770 892 448 -0.515137
00000770 891 325 -0.574374
00000770 704 600 -0.594399
00000770 660 516 -0.619846
00000770 956 348 -0.630203
00000770 979 251 -0.644554
00000770 818 153 -0.646062
00000770 807 110 -0.654151
00000770 707 510 -0.719128
00000770 716 496 -0.733428
00000770 987 110 -0.818148
00000770 877 335 -0.916463
00000770 4 360 -0.986705
00000770 677 21 -1.03334
00000825 712 859 0.231321
00000825 298 969 0.0510693
00000825 733 184 -0.732388
00000825 802 93 -0.732727
00000825 509 886 -0.738117
00000825 818 398 -0.740432
00000825 887 321 -0.83443
00000825 812 113 -0.985776
00000825 629 124 -0.98893
00000825 923 416 -0.989276
00000825 100 849 -0.99508
00000825 901 349 -1.0088
00000825 702 105 -1.03148
00000825 195 818 -1.04964
00000855 930 175 2.15942
00000855 537 689 0.679702
00000855 528 716 0.386628
00000855 767 342 -0.199269
00000855 832 300 -0.289095
00000855 955 474 -0.487097
00000855 964 284 -0.859845
00000855 516 704 -0.877
00000855 801 222 -1.03711
00000857 388 212 0.644283
00000857 252 142 0.616827
00000857 131 749 -0.0677644
00000857 960 4 -0.453483
00000857 279 131 -0.633803
00000857 206 964 -0.655124
00000857 772 764 -0.659749
00000857 427 160 -0.72967
00000857 956 492 -0.817889
00000857 891 723 -0.829721
00000857 923 374 -0.839674
00000857 179 895 -0.873207
00000857 395 226 -0.873373
00000857 878 287 -0.909077
00000857 268 128 -0.952885
00000857 79 664 -0.969342
00000857 740 672 -1.01694
00000857 996 508 -1.01859
00000857 349 123 -1.03235
00000857 280 868 -1.03367
00000857 969 519 -1.03673
00000857 876 36 -1.04891
00000864 876 540 0.302256
00000864 324 628 -0.0190158
00000864 564 337 -0.268773
00000864 196 260 -0.316254
00000864 220 452 -0.344066
00000864 836 330 -0.453751
00000864 956 308 -0.455195
00000864 460 368 -0.464529
00000864 316 916 -0.546621
00000864 546 730 -0.593315
00000864 813 367 -0.653768
00000864 467 4 -0.704433
00000864 324 804 -0.707379
00000864 690 904 -0.736937
00000864 355 30 -0.772337
00000864 740 856 -0.815326
00000864 976 311 -0.938349
00000864 94 480 -0.965825
00000864 108 372 -0.991213
00000864 938 531 -1.01077
00000864 944 316 -1.01242
00000864 355 12 -1.03759
00000864 956 284 -1.04726
00000868 788 24 1.57881
00000868 739 22 0.302171
00000868 116 732 -0.368416
00000868 158 450 -0.697331
00000879 804 555 0.957608
00000879 756 580 0.895143
00000879 638 844 0.185807
00000879 776 565 0.0245615
00000879 332 770 -0.081955
00000879 415 891 -0.236077
00000879 868 578 -0.299961
00000879 22 238 -0.353394
00000879 592 854 -0.372776
00000879 433 904 -0.432407
00000879 780 512 -0.620465
00000879 887 433 -0.766957
00000879 436 944 -0.797992
00000879 849 459 -0.862285
00000879 960 492 -0.920709
00000879 490 918 -1.00227
00000879 896 514 -1.00862
00000879 684 924 -1.02662
00000881 428 88 2.17237
00000881 12 372 1.50763
00000881 459 443 0.810876
00000881 956 30 0.542801
00000881 55 227 0.177368
00000881 861 518 0.172611
00000881 509 758 0.115959
00000881 152 152 0.0655618
00000881 142 113 0.0254838
00000881 408 523 -0.0287379
00000881 701 379 -0.0700247
00000881 482 275 -0.319753
00000881 163 174 -0.345995
00000881 921 630 -0.429968
00000881 201 141 -0.434808
00000881 54 659 -0.465549
00000881 786 717 -0.465931
00000881 295 295 -0.57296
00000881 158 990 -0.697835
00000881 452 212 -0.747328
00000881 292 584 -0.762709
00000881 404 568 -0.797024
00000881 110 844 -0.826032
00000881 818 538 -0.828034
00000881 839 416 -0.83086
00000881 300 596 -0.834491
00000881 944 633 -0.838077
00000881 509 500 -0.888832
00000881 221 753 -0.909656
00000881 12 200 -0.918237
00000881 184 801 -0.922119
00000881 15 485 -0.930245
00000881 877 661 -0.970818
00000881 408 215 -0.971813
00000881 339 280 -0.974137
00000881 36 765 -0.991348
00000881 372 90 -0.996519
00000881 501 47 -1.02084
00000881 427 160 -1.02294
00000881 540 76 -1.02918
00000897 182 497 1.08811
00000897 296 428 1.03041
00000897 368 428 0.637705
00000897 342 433 0.3895
00000897 353 413 -0.500593
00000897 820 388 -0.835117
00000897 796 992 -0.989634
00000897 901 979 -0.990594
00000911 188 704 1.8355
00000911 184 677 1.13957
00000911 206 615 0.411962
00000911 188 601 0.0103216
00000911 364 55 -0.0112487
00000911 4 145 -0.0232976
00000911 857 578 -0.167697
00000911 17 844 -0.226639
00000911 26 147 -0.267176
00000911 215 261 -0.355632
00000911 188 628 -0.510376
00000911 84 140 -0.681602
00000911 369 379 -0.690352
00000911 184 717 -0.734243
00000911 732 376 -0.758388
00000911 636 504 -0.761563
00000911 44 339 -0.819285
00000911 92 156 -0.830031
00000911 180 4 -0.832511
00000911 272 92 -0.866567
00000911 484 544 -0.880483
00000911 712 939 -0.89983
00000911 147 743 -0.918473
00000911 828 52 -0.977161
00000911 188 52 -0.983512
00000911 501 26 -0.985186
00000911 881 704 -1.03184
00000911 938 381 -1.03199
00000922 332 110 1.63572
00000922 263 110 0.977928
00000922 295 121 0.207606
00000922 564 16 -0.440593
00000922 355 175 -0.526019
00000922 335 225 -0.531337
00000922 670 289 -0.799129
00000922 316 258 -0.799567
00000922 268 100 -0.92528
00000922 635 231 -1.0251
00000927 317 785 0.601614
00000927 760 4 -0.973821
00000938 171 287 1.8843
00000938 399 280 0.109995
00000938 583 225 -0.285068
00000938 561 218 -0.375201
00000938 468 268 -0.626548
00000938 532 160 -0.669096
00000938 347 90 -0.729593
00000938 280 54 -0.75882
00000938 828 84 -0.775132
00000938 664 231 -0.87318
00000938 450 244 -0.898381
00000938 604 81 -0.899671
00000938 655 102 -0.928781
00000938 380 288 -0.935599
00000938 252 404 -0.95919
00000938 300 168 -1.00325
00000938 261 450 -1.01309
00000938 416 5 -1.02265
00000938 308 828 -1.03299
00000938 252 647 -1.04519
00000940 673 171 1.57403
00000940 692 120 -0.857268
00000940 381 4 -1.03575
00000941 184 337 1.4106
00000941 4 132 -0.302264
00000941 47 205 -0.639489
00000943 604 818 1.58809
00000943 537 666 -1.01507
00000949 960 244 0.89287
00000949 996 860 -0.369568
00000949 937 289 -0.575119
00000949 971 290 -0.650875
00000949 988 764 -0.849079
00000949 921 278 -0.872716
00000949 630 150 -0.912456
00000949 908 724 -0.91913
00000949 295 523 -0.963688
00000949 1007 295 -0.980708
00000949 404 640 -0.988229
00000949 244 338 -1.0394
00000949 981 887 -1.04466
00000952 654 389 0.705716
00000952 673 424 0.542913
00000952 923 317 0.0579125
00000952 812 615 0.00997228
00000952 30 81 -0.0747588
00000952 578 647 -0.0908314
00000952 617 649 -0.295564
00000952 660 380 -0.350129
00000952 236 152 -0.352082
00000952 316 100 -0.408055
00000952 133 372 -0.425899
00000952 304 4 -0.466619
00000952 364 180 -0.579446
00000952 340 228 -0.593482
00000952 292 180 -0.628315
00000952 308 156 -0.645602
00000952 338 407 -0.708364
00000952 236 364 -0.727923
00000952 348 204 -0.735062
00000952 225 4 -0.755876
00000952 620 629 -0.763671
00000952 115 55 -0.774188
00000952 124 252 -0.787278
00000952 184 372 -0.792087
00000952 452 4 -0.821123
00000952 469 5 -0.836208
00000952 132 76 -0.853273
00000952 201 201 -0.873295
00000952 197 252 -0.887209
00000952 321 175 -0.88833
00000952 36 36 -0.909686
00000952 450 81 -0.912047
00000952 105 128 -0.924918
00000952 212 228 -0.926218
00000952 287 55 -0.938797
00000952 332 276 -0.948885
00000952 201 81 -0.950755
00000952 52 124 -0.95728
00000952 870 511 -0.957634
00000952 329 4 -0.960575
00000952 72 252 -0.966815
00000952 630 595 -0.969543
00000952 404 4 -0.975581
00000952 52 204 -0.976442
00000952 278 81 -0.980618
00000952 124 304 -0.987474
00000952 412 228 -0.988437
00000952 172 252 -0.990144
00000952 90 30 -1.00598
00000952 604 647 -1.02091
00000952 167 312 -1.044
00000977 560 124 -0.0871441
00000977 969 271 -0.227127
00000977 690 330 -0.24392
00000977 986 232 -0.316592
00000977 565 96 -0.336979
00000977 708 252 -0.459941
00000977 884 168 -0.520762
00000977 620 156 -0.622925
00000977 228 176 -0.623546
00000977 436 320 -0.841877
00000977 976 300 -0.859835
00000977 232 110 -0.895851
00000977 215 179 -0.970961
00000977 615 192 -0.978669
00000980 448 970 1.89563
00000980 832 132 0.633412
00000980 913 621 -0.730754
00000998 677 836 -0.0174971
00000998 412 76 -0.236546
00000998 717 839 -0.597718
00000998 416 770 -0.605565
00000998 4 936 -0.633018
00000998 994 844 -0.63426
00000998 712 818 -0.659013
00000998 38 60 -0.734567
00000998 424 758 -0.76147
00000998 184 643 -0.896581
00000998 5 876 -0.909594
00000998 22 234 -0.944331
00000998 64 846 -1.00805
00001002 31 490 1.15855
00001002 28 468 0.155019
00001002 68 4 -0.441868
00001002 270 142 -0.895693
00001002 964 276 -0.915613
00001002 124 874 -0.956524
00001005 501 701 0.481872
00001005 546 585 0.32911
00001005 645 526 -0.0854768
00001005 298 133 -0.790729
00001005 482 693 -0.835806
00001005 812 668 -0.850312
00001005 332 968 -0.861618
00001005 418 920 -0.973154
00001005 136 108 -1.02502
00001005 930 484 -1.03461
00001011 647 211 2.06765
00001011 704 364 1.09379
00001011 630 330 0.871819
00001011 372 866 0.753812
00001011 548 676 0.134135
00001011 432 606 -0.19463
00001011 388 372 -0.221605
00001011 536 448 -0.542906
00001011 332 292 -0.611335
00001011 684 364 -0.656888
00001011 908 52 -0.663585
00001011 725 133 -0.700064
00001011 881 100 -0.74254
00001011 839 21 -0.76999
00001011 645 354 -0.779741
00001011 592 408 -0.780047
00001011 827 244 -0.821558
00001011 221 433 -0.937785
00001011 960 123 -1.01451
00001017 269 691 0.828858
00001017 252 688 -0.545612
00001017 412 960 -0.990495
00001017 652 808 -1.02716
00001018 265 910 -0.342412
00001018 369 152 -0.40935
00001018 47 306 -0.71051
00001018 364 195 -0.714317
00001018 278 836 -0.830812
00001018 278 870 -0.927395
00001018 381 124 -0.944926
00001018 764 540 -0.949984
00001018 59 248 -0.997044
00001018 364 132 -1.0115
00001018 690 535 -1.03147
00001018 265 973 -1.03552
00001026 787 970 0.142196
00001026 724 450 -0.344367
00001026 908 508 -0.405304
00001026 702 362 -0.513577
00001026 828 628 -0.599392
00001026 887 930 -0.783758
00001026 860 807 -0.834607
00001026 595 201 -0.846911
00001026 1008 452 -0.850747
00001026 980 292 -0.856088
00001026 730 473 -0.899552
00001026 910 758 -0.909998
00001026 748 564 -0.912691
00001026 612 220 -0.971607
00001026 868 852 -1.0008
00001026 896 793 -1.00882
00001033 592 827 1.53941
00001033 537 827 0.763047
00001033 732 420 -0.0139851
00001033 585 533 -0.433863
00001033 767 445 -0.661608
00001033 459 881 -0.668805
00001033 487 699 -0.789693
00001033 4 891 -0.84141
00001033 388 748 -0.985673
00001033 564 944 -0.986442
00001033 450 994 -0.993827
00001033 295 773 -1.00615
00001037 904 913 1.04929
00001037 295 4 -0.963421
00001037 724 338 -1.03614
00001045 698 758 0.127593
00001045 652 764 -0.258029
00001045 748 201 -0.451796
00001045 744 820 -0.455834
00001045 702 854 -0.58833
00001045 604 767 -0.621451
00001045 517 851 -0.944842
00001059 644 172 0.573906
00001059 583 156 -0.580091
00001059 652 156 -0.814653
00001059 680 121 -0.842208
00001059 1004 292 -1.00108
00001074 274 870 2.02614
00001074 448 295 1.13383
00001074 284 564 -0.0379916
00001074 280 507 -0.10088
00001074 517 226 -0.302443
00001074 886 243 -0.386708
00001074 786 253 -0.525295
00001074 638 986 -0.685317
00001074 144 836 -0.703403
00001074 612 908 -0.838798
00001074 276 492 -0.85765
00001074 150 475 -0.874894
00001074 516 136 -0.904967
00001074 767 244 -1.04236
00001074 148 996 -1.04736
00001075 781 261 -0.548151
00001082 248 944 -0.864637
00001090 796 284 0.650202
00001090 712 263 0.365764
00001090 704 231 -0.60221
00001090 764 276 -0.950911
00001090 700 260 -0.967771
00001093 941 611 2.32442
00001093 467 758 1.10474
00001093 628 1004 0.952567
00001093 604 707 0.258561
00001093 621 647 0.181792
00001093 818 981 -0.441253
00001093 635 625 -0.581734
00001094 41 482 1.75008
00001094 180 380 1.55624
00001094 261 287 1.20353
00001094 210 295 0.953531
00001094 304 732 -0.605197
00001094 304 801 -0.704806
00001094 303 868 -0.808127
00001095 290 121 -0.227685
00001095 179 923 -0.794856
00001095 284 172 -0.925878
00001115 32 661 1.84568
00001115 96 629 1.59268
00001115 195 628 0.914887
00001115 601 615 0.129434
00001115 180 636 -0.160157
00001115 684 657 -0.189296
00001115 475 608 -0.321912
00001115 491 716 -0.326019
00001115 519 744 -0.384923
00001115 128 773 -0.591611
00001115 533 622 -0.609892
00001115 620 852 -1.04058
00001121 167 171 1.78932
00001121 956 216 0.680758
00001121 688 284 0.657249
00001121 613 287 0.168393
00001121 507 280 -0.327102
00001122 574 304 0.961296
00001122 517 4 -0.729285
00001150 260 328 1.17688
00001150 926 578 0.0347461
00001150 123 467 -0.661846
00001150 859 886 -1.0455
00001172 702 234 1.81082
00001172 767 229 1.76929
00001172 150 201 0.27009
00001172 188 148 -0.279582
00001172 4 160 -0.542755
00001172 812 40 -0.569406
00001172 395 258 -0.856798
00001172 681 227 -0.893108
00001172 41 298 -0.907799
00001172 269 184 -0.929802
00001172 188 328 -0.97649
00001179 836 932 0.669002
00001179 298 997 0.208634
00001179 839 934 -0.452682
00001179 827 870 -0.685587
00001179 664 836 -0.722376
00001179 691 971 -0.884005
00001179 920 876 -0.923279
00001179 904 896 -0.924184
00001179 881 610 -0.934092
00001179 827 398 -0.995206
00001179 877 914 -1.00538
00001179 896 950 -1.02003
00001179 822 721 -1.02404
00001199 416 358 1.80842
00001199 330 175 0.17082
00001199 89 517 -0.787703
00001199 317 335 -0.850814
00001199 142 813 -0.973007
00001227 636 400 1.46672
00001227 544 964 0.904307
00001227 656 308 0.376308
00001227 638 437 0.303388
00001227 564 79 -0.063801
00001227 556 136 -0.355669
00001227 540 81 -0.411354
00001227 765 126 -0.570408
00001227 741 330 -0.745172
00001227 347 754 -0.749754
00001227 415 467 -0.796738
00001227 570 167 -0.808238
00001227 904 282 -0.877085
00001227 527 192 -0.901353
00001227 372 180 -0.928863
00001227 546 413 -0.965994
00001227 621 415 -0.967481
00001227 743 103 -0.978039
00001227 475 763 -1.00556
00001227 427 459 -1.01944
00001253 880 916 0.376662
00001253 635 280 -0.684798
00001253 851 349 -0.827121
00001253 715 501 -0.916302
00001253 786 353 -0.918394
00001253 707 347 -0.971291
00001253 636 652 -1.0179
00001258 735 317 0.266381
00001258 902 5 -0.563929
00001258 546 4 -0.888399
00001258 79 585 -0.97994
00001258 508 20 -1.0224
00001263 42 467 1.6878
00001263 108 300 -0.559299
00001263 308 308 -0.902936
00001263 231 518 -0.926885
00001263 813 358 -1.00069
00001264 952 500 1.0944
00001264 874 295 -0.499076
00001264 655 55 -0.587413
00001264 951 482 -0.734617
00001264 441 591 -0.777106
00001264 964 355 -0.94441
