00000007 96 960 0.156362
00000007 965 4 -0.164623
00000007 232 988 -0.186723
00000007 121 976 -0.598873
00000007 444 748 -0.650311
00000007 180 980 -0.657749
00000007 258 881 -0.692466
00000007 704 748 -0.709878
00000007 148 836 -0.75478
00000007 184 976 -0.853891
00000007 90 270 -0.862993
00000007 5 986 -0.896412
00000007 578 780 -0.899111
00000007 668 780 -0.995172
00000007 428 724 -1.006
00000007 98 793 -1.01726
00000007 330 913 -1.02718
00000011 326 252 0.728673
00000011 533 105 0.38959
00000011 324 612 0.205857
00000011 28 492 0.120518
00000011 617 174 0.0703646
00000011 772 84 -0.324406
00000011 329 295 -0.435055
00000011 694 93 -0.484164
00000011 24 408 -0.624484
00000011 460 292 -0.645485
00000011 511 179 -0.799969
00000011 372 326 -0.823785
00000011 389 369 -0.850083
00000011 659 100 -0.88668
00000011 601 266 -0.936165
00000011 427 248 -0.949569
00000011 168 575 -0.970173
00000011 142 68 -0.979076
00000011 116 372 -0.993831
00000011 148 92 -1.0484
00000022 72 565 1.75395
00000022 84 732 -0.364526
00000022 76 312 -0.428623
00000022 162 733 -0.589971
00000022 222 527 -0.614291
00000022 196 732 -0.622941
00000022 189 934 -0.680732
00000022 64 871 -0.761864
00000022 196 14 -0.909758
00000022 168 140 -1.02953
00000022 222 595 -1.04553
00000022 188 544 -1.04945
00000026 926 4 0.166911
00000026 353 174 -0.20082
00000026 796 508 -0.786992
00000026 148 152 -0.946229
00000026 364 696 -1.03758
00000029 551 41 1.01486
00000029 36 632 0.535205
00000029 107 527 0.47291
00000029 50 528 0.429964
00000029 445 643 0.354686
00000029 182 630 0.299993
00000029 235 634 0.162569
00000029 212 712 0.123571
00000029 343 332 0.107731
00000029 157 270 0.039346
00000029 380 256 0.0229122
00000029 206 330 -0.0113244
00000029 423 556 -0.033469
00000029 211 279 -0.125665
00000029 381 643 -0.126616
00000029 104 444 -0.300861
00000029 775 5 -0.307537
00000029 25 715 -0.343057
00000029 415 711 -0.40136
00000029 415 634 -0.454537
00000029 68 261 -0.515583
00000029 172 568 -0.568033
00000029 398 334 -0.573181
00000029 295 544 -0.576365
00000029 167 986 -0.578517
00000029 437 407 -0.595042
00000029 565 661 -0.636347
00000029 438 571 -0.641579
00000029 583 555 -0.647232
00000029 311 680 -0.652391
00000029 180 588 -0.657795
00000029 54 640 -0.726688
00000029 14 704 -0.746865
00000029 640 635 -0.784785
00000029 638 445 -0.801711
00000029 32 597 -0.803864
00000029 123 674 -0.818092
00000029 271 505 -0.819914
00000029 156 200 -0.826269
00000029 210 270 -0.858551
00000029 740 276 -0.890543
00000029 538 290 -0.901371
00000029 399 45 -0.93082
00000029 676 400 -0.935513
00000029 52 976 -0.961395
00000029 330 491 -0.9885
00000029 353 506 -0.992501
00000029 123 930 -0.996482
00000029 51 424 -1.02904
00000029 21 934 -1.04132
00000029 197 712 -1.04412
00000045 459 684 1.63868
00000045 920 576 1.09146
00000045 150 467 0.951175
00000045 464 916 0.617647
00000045 979 906 0.536708
00000045 990 986 0.497605
00000045 496 744 0.296769
00000045 923 147 0.26224
00000045 908 360 0.260806
00000045 162 423 0.161118
00000045 992 708 -0.416566
00000045 871 467 -0.434802
00000045 986 849 -0.531935
00000045 164 268 -0.542508
00000045 670 707 -0.629726
00000045 740 548 -0.662712
00000045 237 997 -0.666064
00000045 500 732 -0.69983
00000045 861 973 -0.709728
00000045 860 153 -0.712725
00000045 996 4 -0.716692
00000045 210 278 -0.73016
00000045 744 902 -0.752742
00000045 712 781 -0.768446
00000045 235 394 -0.7839
00000045 861 810 -0.803339
00000045 321 554 -0.899743
00000045 180 973 -0.902977
00000045 924 564 -0.91642
00000045 307 372 -0.923814
00000045 620 822 -0.941506
00000045 292 696 -0.945065
00000045 140 228 -0.961441
00000045 844 853 -0.970797
00000045 724 324 -1.0099
00000049 700 64 2.16968
00000049 244 344 2.02679
00000049 684 647 1.68886
00000049 197 887 1.68856
00000049 730 716 1.6339
00000049 210 175 1.33099
00000049 568 668 0.979833
00000049 812 652 0.573653
00000049 517 674 0.476177
00000049 353 353 0.453396
00000049 268 420 0.360534
00000049 251 128 0.355469
00000049 693 895 0.214257
00000049 253 670 0.134104
00000049 716 188 0.108386
00000049 404 564 0.0257518
00000049 551 585 -0.256166
00000049 107 505 -0.279206
00000049 205 84 -0.402656
00000049 279 427 -0.411818
00000049 740 588 -0.412277
00000049 324 376 -0.486304
00000049 307 101 -0.487028
00000049 712 73 -0.490841
00000049 100 522 -0.514655
00000049 715 300 -0.567617
00000049 484 261 -0.604759
00000049 596 992 -0.637964
00000049 484 736 -0.65667
00000049 32 675 -0.683132
00000049 476 640 -0.716777
00000049 543 385 -0.732196
00000049 492 596 -0.743779
00000049 278 797 -0.769609
00000049 776 661 -0.77728
00000049 252 512 -0.796743
00000049 467 654 -0.889007
00000049 900 60 -0.899873
00000049 484 708 -0.920672
00000049 312 595 -0.953384
00000049 44 216 -0.961701
00000049 860 4 -0.999027
00000049 767 339 -1.03302
00000049 12 228 -1.04618
00000080 180 444 1.51142
00000080 124 348 -0.525826
00000080 960 241 -0.725767
00000080 174 459 -0.833073
00000080 674 989 -1.03674
00000098 124 151 -0.439617
00000098 132 132 -0.798081
00000098 381 900 -0.91622
00000098 670 253 -0.948292
00000098 951 321 -0.985006
00000098 196 112 -1.00134
00000098 647 248 -1.00304
00000098 1012 668 -1.02525
00000098 859 192 -1.03612
00000098 548 236 -1.04317
00000101 574 868 1.15469
00000101 546 802 -0.042391
00000101 459 870 -0.205907
00000101 522 860 -0.730806
00000101 548 932 -0.76622
00000101 604 227 -0.784493
00000101 372 788 -0.979143
00000101 913 976 -0.982104
00000101 493 921 -1.02835
00000111 1008 404 0.11501
00000111 460 120 -0.185386
00000111 947 415 -0.451435
00000111 131 21 -0.598848
00000111 252 55 -0.613889
00000111 812 16 -0.706507
00000111 870 374 -0.75099
00000111 90 947 -0.80198
00000111 472 132 -0.847717
00000111 924 332 -0.868579
00000111 913 385 -0.951221
00000111 913 248 -0.953967
00000111 724 320 -0.970625
00000111 38 540 -0.98654
00000111 210 660 -0.990291
00000111 804 340 -1.03685
00000111 163 643 -1.04108
00000111 730 344 -1.04276
00000116 180 827 2.11225
00000116 168 772 1.23529
00000116 359 723 0.582193
00000116 188 840 -0.85096
00000116 182 778 -0.979304
00000116 348 932 -1.0062
00000122 415 433 -0.168839
00000122 352 4 -0.839907
00000122 151 399 -0.859951
00000122 167 424 -0.908876
00000125 174 390 0.527205
00000125 164 20 -0.346697
00000125 18 22 -0.505607
00000125 172 364 -0.721196
00000125 124 396 -0.738222
00000125 89 15 -1.0182
00000127 733 587 1.93636
00000127 712 675 1.63723
00000127 693 546 1.51527
00000127 765 490 0.996846
00000127 454 335 0.753995
00000127 326 454 0.642539
00000127 321 484 0.167168
00000127 329 428 0.0519717
00000127 555 997 -0.142057
00000127 868 404 -0.168318
00000127 980 92 -0.25647
00000127 55 964 -0.272947
00000127 989 428 -0.286562
00000127 588 997 -0.32716
00000127 655 21 -0.366717
00000127 535 90 -0.393117
00000127 956 412 -0.414472
00000127 996 36 -0.505738
00000127 948 84 -0.521646
00000127 988 828 -0.579721
00000127 260 740 -0.59308
00000127 629 87 -0.604836
00000127 164 996 -0.625696
00000127 990 801 -0.628957
00000127 340 372 -0.667178
00000127 905 418 -0.692372
00000127 158 690 -0.696327
00000127 107 990 -0.702922
00000127 54 546 -0.749424
00000127 349 359 -0.766869
00000127 670 585 -0.79903
00000127 617 110 -0.814489
00000127 956 28 -0.836552
00000127 891 812 -0.83833
00000127 836 364 -0.845237
00000127 670 723 -0.861747
00000127 205 701 -0.86691
00000127 934 860 -0.877935
00000127 748 114 -0.906898
00000127 881 839 -0.915867
00000127 840 114 -0.918264
00000127 700 44 -0.920864
00000127 103 280 -0.954399
00000127 248 902 -0.966092
00000127 756 484 -0.96663
00000127 5 15 -0.977799
00000127 636 572 -0.988312
00000127 396 596 -0.992772
00000127 201 998 -1.01191
00000127 184 680 -1.01632
00000127 441 553 -1.0186
00000127 490 26 -1.02572
00000127 964 132 -1.03193
00000127 596 12 -1.03352
00000127 64 920 -1.04115
00000132 707 836 1.23439
00000132 988 24 -0.0993572
00000132 877 891 -0.509462
00000132 822 846 -0.696943
00000132 724 824 -0.81794
00000132 444 856 -0.818597
00000132 976 28 -0.870357
00000132 555 941 -0.963408
00000132 487 866 -0.979482
00000132 904 917 -1.01385
00000132 785 817 -1.01427
00000136 398 758 1.46458
00000136 604 583 0.680604
00000136 891 517 0.121171
00000136 712 266 0.080345
00000136 574 349 0.0585779
00000136 241 497 -0.389032
00000136 891 47 -0.482284
00000136 820 820 -0.50438
00000136 708 292 -0.586053
00000136 849 5 -0.70575
00000136 460 500 -0.709069
00000136 560 276 -0.762938
00000136 271 248 -0.770814
00000136 902 163 -0.782359
00000136 575 284 -0.798954
00000136 47 282 -0.90158
00000136 408 528 -0.924404
00000136 4 4 -0.929758
00000136 940 632 -0.930451
00000136 891 12 -0.969854
00000136 712 290 -0.988667
00000136 764 4 -0.99823
00000136 886 147 -1.00217
00000136 936 684 -1.01581
00000136 621 801 -1.03634
00000136 519 960 -1.04861
00000139 206 569 2.01967
00000139 776 946 0.381407
00000139 307 606 -0.689898
00000139 22 59 -0.690153
00000139 107 454 -0.777231
00000139 701 876 -0.799272
00000139 355 475 -0.826307
00000139 50 496 -0.883323
00000139 339 669 -0.981473
00000139 92 440 -1.04628
00000173 733 205 1.52931
00000173 861 113 -0.0952927
00000173 891 694 -0.187311
00000173 944 971 -0.215903
00000173 989 457 -0.360664
00000173 842 221 -0.465696
00000173 4 560 -0.560726
00000173 836 624 -0.699424
00000173 20 644 -0.765471
00000173 638 238 -0.79709
00000173 620 244 -0.81895
00000173 941 574 -0.843596
00000173 764 228 -0.950834
00000173 628 700 -0.960414
00000173 561 355 -0.966564
00000173 797 970 -0.981192
00000204 955 163 2.12952
00000204 947 154 -0.235446
00000204 849 881 -0.653567
00000204 164 836 -0.962846
00000204 141 137 -0.995293
00000214 546 989 0.427728
00000214 792 930 0.394722
00000214 500 308 0.267518
00000214 311 944 -0.0255464
00000214 574 990 -0.104943
00000214 108 268 -0.629382
00000214 192 964 -0.678233
00000214 920 182 -0.688187
00000214 404 308 -0.69557
00000214 588 128 -0.708684
00000214 956 44 -0.723526
00000214 308 932 -0.729623
00000214 438 58 -0.811601
00000214 335 4 -0.821446
00000214 831 160 -0.863189
00000214 305 822 -0.863293
00000214 4 124 -0.866256
00000214 940 4 -0.887779
00000214 476 180 -0.893311
00000214 792 866 -0.894
00000214 813 4 -0.905213
00000214 310 300 -0.997795
00000214 574 142 -1.0161
00000214 904 801 -1.0481
00000215 881 24 -0.127664
00000215 784 4 -0.501088
00000215 500 454 -0.708952
00000215 960 339 -0.843461
00000215 601 473 -1.02648
00000219 110 289 -0.0589573
00000219 924 252 -0.247949
00000219 372 229 -0.27489
00000219 896 137 -0.310662
00000219 776 404 -0.328631
00000219 312 900 -0.358268
00000219 701 79 -0.361206
00000219 537 886 -0.399468
00000219 778 773 -0.533112
00000219 596 596 -0.542378
00000219 812 196 -0.544552
00000219 548 588 -0.672823
00000219 205 1013 -0.675157
00000219 913 338 -0.675648
00000219 730 59 -0.762173
00000219 775 759 -0.779888
00000219 565 32 -0.816498
00000219 605 123 -0.841183
00000219 781 416 -0.861139
00000219 784 252 -0.906983
00000219 956 44 -0.912654
00000219 512 910 -0.958382
00000219 702 666 -0.99697
00000219 833 58 -1.01546
00000219 280 4 -1.03228
00000219 818 205 -1.0353
00000219 68 260 -1.03939
00000219 428 940 -1.04562
00000231 673 621 0.0564391
00000231 220 568 -0.314965
00000231 228 988 -0.453479
00000231 172 374 -0.520892
00000231 580 780 -0.654919
00000231 501 891 -0.668586
00000231 516 1008 -0.688039
00000231 150 938 -0.713428
00000231 647 647 -0.719341
00000231 174 622 -0.797737
00000231 172 979 -0.826327
00000231 450 973 -0.865998
00000231 660 924 -0.970224
00000231 236 492 -0.981025
00000231 252 905 -0.984541
00000231 638 712 -0.993183
00000231 167 604 -0.99465
00000231 269 796 -1.00307
00000231 5 949 -1.03056
00000231 184 591 -1.04339
00000232 704 265 1.15638
00000232 292 304 0.0581675
00000232 231 280 0.0417149
00000232 570 34 -0.0176744
00000232 810 34 -0.0551336
00000232 868 183 -0.355406
00000232 389 960 -0.368608
00000232 595 39 -0.472955
00000232 416 306 -0.488547
00000232 704 34 -0.592496
00000232 861 34 -0.596196
00000232 828 184 -0.59659
00000232 389 300 -0.609855
00000232 532 32 -0.654447
00000232 338 300 -0.669868
00000232 950 187 -0.709629
00000232 329 251 -0.787219
00000232 576 295 -0.798237
00000232 818 908 -0.831228
00000232 666 183 -0.854378
00000232 916 176 -0.880656
00000232 673 300 -0.889532
00000232 320 132 -0.909634
00000232 692 260 -0.93279
00000232 796 184 -0.945604
00000232 464 303 -0.962832
00000232 532 176 -0.966853
00000232 775 34 -0.983107
00000232 636 32 -1.0122
00000233 542 445 1.34886
00000233 836 996 -0.146664
00000233 540 428 -0.176133
00000233 980 812 -0.190711
00000233 817 372 -0.208288
00000233 944 543 -0.25662
00000233 743 418 -0.26746
00000233 4 9 -0.432337
00000233 252 895 -0.537041
00000233 868 272 -0.757357
00000233 228 944 -0.761354
00000233 684 335 -0.781141
00000233 655 141 -0.795561
00000233 989 551 -0.853546
00000233 210 831 -0.964621
00000233 979 256 -0.967717
00000233 310 906 -0.981544
00000233 307 344 -0.98439
00000233 724 124 -0.984865
00000233 827 325 -1.00498
00000244 76 708 0.557527
00000244 649 511 0.498779
00000244 595 664 0.0235067
00000244 41 721 -0.0158502
00000244 690 741 -0.2076
00000244 759 490 -0.32599
00000244 490 121 -0.393629
00000244 804 477 -0.435678
00000244 556 580 -0.444472
00000244 574 385 -0.477982
00000244 132 704 -0.601652
00000244 484 96 -0.695222
00000244 407 745 -0.7064
00000244 4 785 -0.760226
00000244 132 180 -0.780429
00000244 576 812 -0.792719
00000244 269 116 -0.817112
00000244 681 784 -0.824381
00000244 591 395 -0.873437
00000244 686 881 -0.894275
00000244 416 105 -0.895648
00000244 758 210 -0.898675
00000244 772 608 -0.90004
00000244 585 237 -0.905805
00000244 704 536 -0.916665
00000244 116 684 -0.949549
00000244 52 772 -0.980411
00000244 317 785 -0.993041
00000244 578 398 -1.04304
00000244 307 202 -1.04311
00000244 454 675 -1.04687
00000252 236 290 0.931447
00000252 30 261 -0.117006
00000252 124 504 -0.135313
00000252 500 317 -0.176928
00000252 352 260 -0.415662
00000252 4 225 -0.478172
00000252 497 518 -0.571545
00000252 480 438 -0.633556
00000252 505 491 -0.636022
00000252 205 269 -0.887484
00000252 493 351 -0.954657
00000267 804 420 1.1014
00000267 388 212 0.768104
00000267 121 269 0.682987
00000267 812 448 0.00975943
00000267 124 243 -0.281104
00000267 907 416 -0.355182
00000267 684 564 -0.446982
00000267 355 355 -0.577456
00000267 820 668 -0.695296
00000267 895 721 -0.725319
00000267 114 298 -0.801017
00000267 544 703 -0.826139
00000267 548 655 -0.850788
00000267 791 321 -0.884405
00000267 849 775 -0.932124
00000267 179 381 -0.951277
00000267 878 68 -0.992529
00000267 540 612 -1.01806
00000267 748 59 -1.02304
00000269 257 527 1.38323
00000269 941 156 1.17311
00000269 517 334 0.520079
00000269 673 600 0.384605
00000269 464 634 0.129262
00000269 748 276 -0.0634288
00000269 142 36 -0.188739
00000269 564 164 -0.417985
00000269 216 310 -0.470982
00000269 601 206 -0.561854
00000269 467 527 -0.592123
00000269 884 308 -0.62794
00000269 420 564 -0.635558
00000269 996 388 -0.636242
00000269 748 234 -0.660437
00000269 195 100 -0.664546
00000269 565 569 -0.697654
00000269 147 47 -0.776145
00000269 484 188 -0.844244
00000269 13 271 -0.844782
00000269 892 232 -0.858189
00000269 295 110 -0.859175
00000269 859 399 -0.870918
00000269 225 321 -0.881875
00000269 522 52 -0.902801
00000269 268 512 -0.907189
00000269 360 396 -0.915971
00000269 724 111 -0.930301
00000269 427 337 -0.940734
00000269 251 497 -1.00577
00000269 716 412 -1.02401
00000269 480 517 -1.03364
00000269 491 491 -1.04328
00000269 332 522 -1.04704
00000276 68 480 0.173349
00000276 20 184 -0.408849
00000276 700 972 -0.480352
00000276 473 951 -0.485865
00000276 878 553 -0.585712
00000276 743 940 -0.639623
00000276 131 522 -0.64529
00000276 408 638 -0.653866
00000276 672 948 -0.662879
00000276 231 546 -0.814746
00000276 708 948 -0.884994
00000276 174 601 -0.934158
00000276 728 887 -0.976656
00000278 16 892 1.33596
00000278 480 892 1.24298
00000278 505 913 1.12556
00000278 488 460 0.361592
00000278 372 192 -0.101842
00000278 956 156 -0.103873
00000278 895 413 -0.168658
00000278 484 508 -0.299985
00000278 758 210 -0.3203
00000278 758 674 -0.378751
00000278 905 160 -0.380268
00000278 5 116 -0.401075
00000278 160 508 -0.412425
00000278 474 765 -0.438038
00000278 485 638 -0.489738
00000278 956 81 -0.512327
00000278 58 738 -0.516071
00000278 480 690 -0.526219
00000278 182 630 -0.553711
00000278 398 408 -0.612843
00000278 428 944 -0.621785
00000278 724 788 -0.652041
00000278 324 44 -0.67952
00000278 96 509 -0.741913
00000278 812 103 -0.761214
00000278 98 493 -0.805452
00000278 34 689 -0.811106
00000278 107 544 -0.857999
00000278 88 860 -0.861633
00000278 353 464 -0.867722
00000278 460 640 -0.867728
00000278 464 390 -0.898264
00000278 748 565 -0.916997
00000278 4 524 -0.917003
00000278 448 649 -0.918365
00000278 5 638 -0.98208
00000278 516 84 -0.983865
00000278 828 60 -1.02084
00000278 132 748 -1.03548
00000279 352 740 2.29421
00000279 785 748 0.499003
00000279 518 167 0.433308
00000279 518 741 0.165932
00000279 142 502 0.02842
00000279 64 443 -0.292259
00000279 753 192 -0.318951
00000279 256 172 -0.388209
00000279 408 724 -0.393924
00000279 476 108 -0.397963
00000279 4 137 -0.522609
00000279 142 728 -0.539513
00000279 188 760 -0.544467
00000279 321 332 -0.550233
00000279 339 984 -0.681476
00000279 660 412 -0.693718
00000279 38 531 -0.710945
00000279 708 252 -0.746292
00000279 4 565 -0.814173
00000279 540 552 -0.821592
00000279 148 392 -0.859051
00000279 252 733 -0.946916
00000279 81 407 -0.997846
00000279 930 690 -1.00712
00000279 412 700 -1.0349
00000279 221 98 -1.03655
00000279 673 613 -1.04923
00000290 315 940 0.0109216
00000290 424 968 -0.579828
00000292 620 151 0.678319
00000292 611 206 -0.564779
00000292 668 248 -0.75444
00000292 100 188 -0.758401
00000292 44 812 -0.778909
00000292 708 744 -0.923051
00000292 628 140 -1.04467
00000315 540 900 -0.322773
00000315 831 179 -0.350455
00000315 510 261 -0.431779
00000315 997 730 -0.56064
00000315 849 733 -0.605681
00000315 4 88 -0.801234
00000315 668 788 -0.814864
00000315 924 4 -0.858374
00000315 812 876 -1.00715
00000315 316 412 -1.01057
00000315 269 469 -1.01274
00000315 908 844 -1.01756
00000331 275 353 1.02645
00000331 532 206 0.634607
00000331 507 142 0.262592
00000331 467 613 -0.00768546
00000331 564 212 -0.0176268
00000331 955 496 -0.390645
00000331 237 564 -0.409201
00000331 652 188 -0.476749
00000331 540 188 -0.503679
00000331 142 73 -0.514903
00000331 570 192 -0.559158
00000331 218 604 -0.796268
00000331 216 796 -0.837778
00000331 142 26 -0.847051
00000331 381 454 -0.850455
00000331 179 4 -0.867793
00000331 236 548 -0.899513
00000331 745 578 -0.913846
00000331 284 556 -0.926323
00000331 226 828 -0.942626
00000331 730 666 -0.947662
00000331 179 500 -0.967608
00000331 544 947 -1.00488
00000333 882 611 0.543201
00000333 891 596 -0.927053
00000333 932 27 -0.970055
00000333 836 604 -0.987312
00000342 612 572 2.4525
00000342 522 522 1.46223
00000342 289 546 0.708589
00000342 518 510 -0.410013
00000342 896 595 -0.545299
00000342 741 385 -0.7445
00000342 418 303 -0.768033
00000342 156 216 -0.810198
00000342 561 424 -0.835606
00000342 36 252 -0.894056
00000342 853 497 -0.914546
00000342 796 396 -0.918578
00000342 548 336 -0.969574
00000342 182 226 -0.974742
00000342 211 320 -0.982562
00000342 22 629 -1.01875
00000372 56 740 1.22498
00000372 68 121 -0.888737
00000393 452 816 0.221507
00000393 517 822 -0.0160696
00000393 174 934 -0.044487
00000393 169 905 -0.131964
00000393 4 600 -0.141722
00000393 459 870 -0.567529
00000393 196 744 -0.678023
00000393 295 981 -0.851761
00000393 308 676 -1.03463
00000395 448 654 1.63791
00000395 5 733 -0.460172
00000395 445 450 -0.584362
00000395 300 560 -0.69785
00000395 81 518 -0.892734
00000395 951 408 -0.927773
00000395 344 317 -0.987652
00000395 248 522 -1.02318
00000395 268 204 -1.02876
00000395 265 81 -1.0377
00000395 986 147 -1.04072
00000399 964 133 1.25098
00000399 252 900 -0.284394
00000399 574 41 -0.712148
00000399 973 317 -0.798307
00000399 73 332 -0.81556
00000399 380 60 -0.859504
00000399 132 420 -0.939231
00000399 891 270 -0.982831
00000402 756 32 2.09612
00000402 998 55 0.68202
00000402 765 36 0.354937
00000402 997 564 -0.587328
00000402 986 796 -0.791833
00000402 142 325 -0.819577
00000402 72 930 -0.820075
00000402 368 300 -0.90379
00000402 620 284 -0.954631
00000402 629 307 -0.999343
00000402 400 620 -1.01095
00000402 4 192 -1.04554
00000406 852 32 1.47719
00000410 956 696 1.62212
00000410 965 707 1.25033
00000410 400 588 0.76413
00000410 403 544 0.341376
00000410 980 672 -0.461898
00000410 475 377 -0.468065
00000410 411 575 -0.644304
00000410 390 711 -0.66066
00000410 510 861 -0.665807
00000410 500 952 -0.775145
00000410 788 998 -0.806388
00000410 493 844 -0.958938
00000419 428 773 0.0818355
00000419 415 844 -0.0326418
00000419 433 810 -1.04908
00000422 556 412 0.289589
00000422 944 364 -0.0483939
00000422 721 179 -0.288423
00000422 556 4 -0.500449
00000422 772 492 -0.504111
00000422 810 711 -0.542677
00000422 813 684 -0.603234
00000422 704 827 -0.607124
00000422 793 535 -0.717585
00000422 260 443 -0.720693
00000422 694 576 -0.721456
00000422 828 348 -0.83199
00000422 654 406 -0.837731
00000422 583 235 -0.85562
00000422 912 84 -0.856342
00000422 750 132 -0.884115
00000422 892 156 -0.900517
00000422 676 356 -0.937404
00000422 252 1008 -0.96385
00000422 794 18 -0.97697
00000422 4 192 -0.994108
00000422 988 4 -1.03113
00000422 964 20 -1.03519
00000422 467 724 -1.04426
00000434 501 291 0.44477
00000434 583 399 0.313691
00000434 634 390 0.203214
00000434 693 317 -0.398155
00000434 628 268 -0.771814
00000434 96 661 -0.799359
00000434 436 997 -0.864156
00000434 4 808 -0.934822
00000434 659 93 -0.958145
00000434 748 44 -0.962302
00000434 784 4 -0.980828
00000434 712 482 -0.985429
00000434 998 385 -1.0239
00000434 625 467 -1.04858
00000446 972 548 2.23365
00000446 820 544 2.06953
00000446 788 552 0.764551
00000446 832 551 0.372452
00000446 956 388 0.0863053
00000446 510 733 0.0106176
00000446 860 164 -0.255563
00000446 965 395 -0.263425
00000446 868 657 -0.271011
00000446 638 490 -0.277408
00000446 700 656 -0.334442
00000446 524 808 -0.502199
00000446 813 997 -0.536431
00000446 764 480 -0.572854
00000446 844 788 -0.583893
00000446 976 321 -0.626859
00000446 868 914 -0.638936
00000446 570 4 -0.654552
00000446 566 802 -0.678752
00000446 997 215 -0.726296
00000446 852 748 -0.811952
00000446 820 312 -0.859325
00000446 960 877 -0.874768
00000446 612 488 -0.904545
00000446 517 310 -0.941243
00000446 548 524 -0.970815
00000446 868 785 -0.975766
00000446 574 500 -0.978892
00000446 698 115 -1.00189
00000446 868 376 -1.04738
00000448 87 96 -0.796774
00000448 338 42 -0.864084
00000448 184 163 -1.02631
00000460 1004 268 -0.311425
00000460 655 720 -0.434239
00000460 218 951 -0.611075
00000460 750 278 -0.658215
00000460 916 488 -0.923839
00000460 60 690 -0.97217
00000481 659 364 -0.0146182
00000481 666 353 -0.596737
00000498 404 476 0.769695
00000498 380 476 0.168
00000498 704 477 0.0817738
00000498 329 457 -0.239748
00000498 300 316 -0.796637
00000498 359 270 -0.813389
00000498 179 372 -0.821574
00000498 675 500 -0.879401
00000498 767 235 -0.927993
00000498 744 110 -1.0214
00000501 908 316 -0.0663429
00000501 844 4 -0.116956
00000501 989 979 -0.19726
00000501 801 938 -0.304866
00000501 4 694 -0.327099
00000501 561 325 -0.360442
00000501 895 114 -0.388933
00000501 261 317 -0.408698
00000501 248 849 -0.450754
00000501 353 337 -0.519512
00000501 164 608 -0.533894
00000501 638 464 -0.567415
00000501 4 300 -0.603351
00000501 36 997 -0.621436
00000501 576 393 -0.655276
00000501 543 184 -0.662653
00000501 210 38 -0.730559
00000501 860 668 -0.733303
00000501 220 596 -0.760444
00000501 231 861 -0.765225
00000501 103 329 -0.780104
00000501 580 4 -0.781704
00000501 902 327 -0.803743
00000501 884 908 -0.806188
00000501 758 436 -0.814409
00000501 338 4 -0.849352
00000501 444 4 -0.85203
00000501 660 336 -0.852897
00000501 51 210 -0.897259
00000501 860 204 -0.897985
00000501 96 390 -0.937619
00000501 793 947 -0.961073
00000501 418 110 -0.961574
00000501 372 380 -0.973727
00000501 972 332 -0.988992
00000501 972 52 -0.989718
00000501 955 300 -1.02497
00000501 243 804 -1.04381
00000501 164 724 -1.04874
00000508 510 407 0.929948
00000508 649 670 0.921003
00000508 123 339 0.265623
00000508 68 126 0.135016
00000508 620 1001 -0.0523221
00000508 767 205 -0.148211
00000508 644 660 -0.204986
00000508 533 638 -0.226358
00000508 416 554 -0.229019
00000508 355 553 -0.260569
00000508 881 812 -0.300703
00000508 540 300 -0.339998
00000508 290 696 -0.376446
00000508 543 195 -0.402043
00000508 794 951 -0.436983
00000508 30 360 -0.489316
00000508 733 19 -0.508379
00000508 212 368 -0.541121
00000508 121 226 -0.551185
00000508 543 870 -0.655968
00000508 765 343 -0.658196
00000508 300 723 -0.718193
00000508 793 145 -0.731374
00000508 921 197 -0.753562
00000508 883 312 -0.757557
00000508 636 144 -0.794547
00000508 418 389 -0.858282
00000508 788 916 -0.866261
00000508 620 487 -0.878435
00000508 522 1002 -0.880128
00000508 944 754 -0.904751
00000508 308 240 -0.918587
00000508 764 332 -0.976335
00000508 860 47 -0.994937
00000508 114 197 -1.0366
00000508 308 716 -1.04887
00000530 767 142 0.372738
00000530 464 1010 -0.212949
00000530 184 270 -0.333465
00000530 540 284 -0.45727
00000530 716 172 -0.569896
00000530 522 1013 -0.576189
00000530 548 364 -0.602018
00000530 910 389 -0.616621
00000530 998 990 -0.715626
00000530 153 343 -0.715978
00000530 344 1001 -0.756917
00000530 580 428 -0.762243
00000530 388 68 -0.800811
00000530 167 124 -0.822784
00000530 739 133 -0.835951
00000530 321 121 -0.927738
00000530 162 216 -0.931675
00000530 500 84 -0.960844
00000530 244 184 -0.985909
00000533 91 78 0.431298
00000533 68 83 0.290501
00000533 124 84 0.153143
00000533 182 44 -0.140423
00000533 388 348 -0.407399
00000533 501 158 -0.574572
00000533 355 222 -0.608641
00000533 428 348 -0.681016
00000533 231 172 -0.830705
00000533 188 240 -0.841994
00000533 472 4 -0.919081
00000533 59 225 -0.936059
00000533 252 73 -0.938687
00000537 613 235 1.51899
00000537 628 248 -0.396584
00000559 926 553 -0.30704
00000559 604 364 -0.520743
00000559 532 196 -0.562008
00000559 983 546 -0.61601
00000559 932 252 -0.684142
00000559 788 276 -0.712997
00000559 364 116 -0.808235
00000559 794 555 -0.867299
00000559 316 20 -0.93093
00000559 141 184 -0.970648
00000565 218 544 -0.403986
00000565 666 91 -0.564325
00000565 261 621 -0.702033
00000565 986 490 -0.801814
00000565 475 741 -0.855531
00000565 493 668 -0.903281
00000565 484 632 -0.921533
00000565 227 690 -0.941546
00000610 332 156 -0.0295788
00000610 280 192 -0.264577
00000610 244 268 -0.431038
00000610 275 206 -0.541209
00000610 344 172 -0.909088
00000610 372 300 -1.00377
00000618 445 36 -0.0138848
00000618 132 892 -0.249002
00000618 900 180 -0.358368
00000618 120 948 -0.419967
00000618 647 956 -0.43341
00000618 482 55 -0.647531
00000618 121 36 -0.896236
00000618 566 743 -0.929883
00000623 480 878 -0.237032
00000623 332 900 -0.664744
00000623 477 923 -0.842775
00000623 724 715 -0.855591
00000623 436 997 -0.994907
00000674 763 256 1.91744
00000674 415 883 1.25583
00000674 986 638 1.22022
00000674 913 622 1.0718
00000674 585 358 0.835736
00000674 280 385 0.748709
00000674 972 636 -0.132917
00000674 132 861 -0.331979
00000674 131 818 -0.742276
00000674 124 913 -0.747439
00000674 121 870 -0.750579
00000674 463 715 -0.83102
00000674 801 625 -0.884685
00000674 396 892 -0.928626
00000674 133 804 -0.941229
00000674 900 620 -0.97415
00000682 448 385 0.101644
00000682 438 332 -0.173507
00000682 180 340 -0.372251
00000682 484 484 -0.509683
00000682 47 427 -0.550568
00000682 216 321 -0.619468
00000682 280 280 -0.624361
00000682 184 94 -0.627476
00000682 543 153 -0.671317
00000682 289 532 -0.764297
00000682 652 50 -0.824411
00000682 201 325 -0.883538
00000682 107 463 -0.891994
00000682 284 156 -0.903301
00000682 460 420 -0.935324
00000682 724 140 -0.968276
00000682 54 398 -0.978715
00000682 480 591 -0.995844
00000682 284 564 -1.00596
00000682 532 300 -1.01856
00000682 648 4 -1.03807
00000682 372 976 -1.03953
00000682 613 364 -1.04403
00000689 638 994 0.911439
00000689 664 462 0.826055
00000689 201 711 0.449824
00000689 932 148 0.0558136
00000689 932 268 0.0399729
00000689 886 147 0.000702663
00000689 908 696 -0.365687
00000689 810 694 -0.452011
00000689 960 698 -0.46288
00000689 932 20 -0.485163
00000689 960 748 -0.556405
00000689 5 812 -0.651148
00000689 836 860 -0.656307
00000689 913 823 -0.70669
00000689 960 661 -0.715541
00000689 211 4 -0.733199
00000689 913 192 -0.754429
00000689 844 916 -0.759158
00000689 756 860 -0.796636
00000689 887 90 -0.810971
00000689 4 452 -0.866521
00000689 955 785 -0.908089
00000689 955 859 -0.952411
00000689 976 916 -0.95606
00000689 686 786 -1.01247
00000689 818 807 -1.02716
00000689 540 636 -1.03044
00000694 881 645 -0.561477
00000694 381 326 -0.747878
00000694 884 860 -0.921413
00000694 881 536 -0.955948
00000694 881 807 -1.03588
00000694 1004 388 -1.04457
00000698 326 312 1.17488
00000698 321 158 0.994501
00000698 28 212 0.843597
00000698 864 380 0.268904
00000698 100 237 0.187138
00000698 978 4 0.162978
00000698 988 116 0.109385
00000698 674 979 -0.246346
00000698 744 163 -0.278713
00000698 672 908 -0.319732
00000698 124 505 -0.375451
00000698 896 355 -0.4041
00000698 289 441 -0.61884
00000698 807 605 -0.618848
00000698 972 988 -0.62679
00000698 715 282 -0.687029
00000698 955 248 -0.759103
00000698 902 554 -0.781816
00000698 17 758 -0.786339
00000698 715 30 -0.831218
00000698 930 93 -0.83689
00000698 648 116 -0.842626
00000698 621 252 -0.847959
00000698 895 836 -0.880912
00000698 904 372 -0.890217
00000698 881 142 -0.898994
00000698 941 160 -0.919125
00000698 215 657 -0.919446
00000698 892 900 -0.943628
00000698 326 13 -0.969711
00000698 81 60 -0.970505
00000698 702 13 -0.988982
00000698 868 132 -1.00313
00000698 733 986 -1.03381
00000705 740 16 0.968916
00000705 964 711 -0.179157
00000705 445 840 -0.295735
00000705 728 5 -0.312652
00000705 948 188 -0.328211
00000705 768 930 -0.625089
00000705 987 464 -0.683788
00000705 380 976 -0.698866
00000705 881 126 -0.771194
00000705 881 78 -0.773665
00000705 887 484 -0.874685
00000705 629 565 -0.990229
00000705 892 444 -0.994565
00000705 938 544 -1.00878
00000705 684 548 -1.02216
00000705 121 992 -1.0222
00000705 115 956 -1.0471
00000705 620 330 -1.04776
00000706 261 744 1.61591
00000706 908 56 0.0979618
00000706 754 613 0.0378831
00000706 92 572 0.0230879
00000706 87 785 -0.0381033
00000706 940 552 -0.2891
00000706 753 868 -0.428265
00000706 180 564 -0.574333
00000706 916 256 -0.583277
00000706 44 656 -0.597612
00000706 836 887 -0.623081
00000706 418 290 -0.663205
00000706 353 1002 -0.706482
00000706 938 921 -0.711804
00000706 764 1008 -0.747553
00000706 276 300 -0.798795
00000706 359 113 -0.816682
00000706 261 801 -0.817307
00000706 844 913 -0.854044
00000706 956 652 -0.857125
00000706 1002 976 -0.866383
00000706 44 580 -0.875723
00000706 265 758 -0.890476
00000706 83 108 -0.905521
00000706 20 600 -0.926244
00000706 132 801 -0.974306
00000706 142 110 -0.979596
00000706 944 854 -1.00188
00000706 270 347 -1.01686
00000706 676 516 -1.02283
00000706 116 484 -1.04674
00000706 844 784 -1.04744
00000736 923 87 1.20774
00000736 920 270 0.935437
00000736 925 585 -0.122672
00000736 353 13 -0.538668
00000736 206 546 -1.00304
00000736 916 580 -1.01203
00000738 836 744 1.09776
00000738 162 984 0.43729
00000738 440 492 -0.0893134
00000738 564 568 -0.262696
00000738 342 818 -0.371553
00000738 716 764 -0.51159
00000738 468 528 -0.817777
00000738 408 585 -0.852278
00000738 210 21 -0.921013
00000738 724 570 -0.933254
00000738 76 708 -0.960046
00000738 548 452 -0.986581
00000738 612 764 -0.991897
00000738 560 748 -0.992663
00000738 844 568 -1.02323
00000745 312 488 3.06366
00000745 977 90 1.33284
00000745 793 497 1.31438
00000745 342 321 0.719236
00000745 849 237 0.396712
00000745 986 733 0.245513
00000745 477 895 0.205574
00000745 358 68 0.156674
00000745 308 47 -0.0183795
00000745 741 655 -0.07788
00000745 516 808 -0.203108
00000745 1011 81 -0.254327
00000745 740 16 -0.29351
00000745 707 947 -0.353751
00000745 403 73 -0.354238
00000745 832 93 -0.688246
00000745 343 485 -0.718289
00000745 938 990 -0.741701
00000745 664 669 -0.76164
00000745 836 236 -0.770657
00000745 356 60 -0.789426
00000745 27 13 -0.818944
00000745 792 192 -0.824381
00000745 448 68 -0.93219
00000745 418 50 -0.973103
00000745 292 4 -0.979536
00000745 714 960 -1.02507
00000745 792 241 -1.02774
00000745 251 241 -1.02829
00000745 316 272 -1.03228
00000754 475 887 -0.054721
00000754 480 500 -0.153544
00000754 480 532 -0.217212
00000754 482 566 -0.280885
00000754 537 330 -0.300818
00000754 248 326 -0.395176
00000754 820 688 -0.448699
00000754 480 612 -0.475934
00000754 764 684 -0.501146
00000754 983 849 -0.656004
00000754 197 165 -0.659107
00000754 467 467 -0.662158
00000754 630 870 -0.669039
00000754 473 160 -0.68372
00000754 408 482 -0.704831
00000754 804 59 -0.719509
00000754 276 284 -0.725497
00000754 162 630 -0.728702
00000754 330 685 -0.73663
00000754 321 537 -0.740625
00000754 744 696 -0.774626
00000754 248 261 -0.776335
00000754 248 295 -0.794857
00000754 822 728 -0.81952
00000754 362 243 -0.837928
00000754 379 467 -0.880227
00000754 234 390 -0.880303
00000754 453 546 -0.882387
00000754 235 685 -0.891093
00000754 220 326 -0.898172
00000754 476 44 -0.904565
00000754 310 743 -0.911659
00000754 556 872 -0.92229
00000754 849 100 -0.924275
00000754 976 163 -0.924665
00000754 704 728 -0.925474
00000754 844 892 -0.927278
00000754 780 340 -0.953402
00000754 454 595 -0.958494
00000754 438 467 -0.968928
00000754 743 807 -0.972745
00000754 158 34 -0.973972
00000754 290 467 -0.976921
00000754 721 629 -0.984333
00000754 625 792 -0.987571
00000754 438 625 -0.993828
00000754 68 79 -0.996142
00000754 849 902 -1.00088
00000754 972 28 -1.0072
00000754 964 460 -1.00907
00000754 398 870 -1.00955
00000754 201 103 -1.01551
00000754 716 500 -1.01936
00000754 231 763 -1.01972
00000754 395 628 -1.02346
00000754 36 865 -1.0342
00000754 796 153 -1.04098
00000754 786 775 -1.04247
00000754 389 842 -1.04445
00000754 234 353 -1.04748
00000757 369 44 -0.508631
00000757 398 72 -0.688431
00000780 205 107 1.59639
00000780 260 148 1.16476
00000780 448 110 -0.00394495
00000780 156 172 -0.730023
00000780 524 368 -0.920671
00000780 20 916 -0.992729
00000780 972 344 -1.0352
00000787 638 274 0.366713
00000787 112 532 -0.415277
00000787 339 787 -0.599261
00000787 605 595 -0.739708
00000787 692 308 -0.817161
00000787 78 556 -0.832252
00000787 467 381 -0.860795
00000787 636 264 -0.963073
00000787 456 524 -0.997436
00000787 132 344 -1.02579
00000787 536 379 -1.03466
00000788 92 688 1.99817
00000788 110 686 -0.00263286
00000788 584 468 -0.150783
00000788 477 374 -0.414815
00000788 601 50 -0.449132
00000788 546 960 -0.607455
00000788 537 836 -0.634614
00000788 828 395 -0.691696
00000788 372 268 -0.693171
00000788 979 886 -0.795072
00000788 837 448 -0.815639
00000788 5 575 -0.842601
00000788 956 30 -0.90277
00000788 83 837 -0.963638
00000788 1002 100 -0.968054
00000788 436 317 -0.985735
00000788 480 949 -0.995991
00000788 4 932 -1.04224
00000793 560 220 2.2788
00000793 806 553 1.92057
00000793 488 750 0.982411
00000793 552 956 0.215449
00000793 389 999 0.0618758
00000793 674 753 -0.292016
00000793 952 988 -0.433638
00000793 44 128 -0.46894
00000793 632 172 -0.561021
00000793 767 836 -0.611089
00000793 482 87 -0.643266
00000793 501 510 -0.64526
00000793 228 516 -0.722027
00000793 206 771 -0.838083
00000793 252 657 -0.852155
00000793 990 394 -0.870402
00000793 380 564 -0.906778
00000793 105 932 -0.908767
00000793 702 679 -0.912462
00000793 866 881 -0.926194
00000793 404 548 -0.929074
00000793 438 910 -0.929837
00000793 492 564 -0.940353
00000793 644 932 -0.947835
00000793 152 960 -0.95827
00000793 180 76 -0.974345
00000793 231 910 -0.978336
00000793 686 279 -0.980169
00000793 892 392 -0.988129
00000793 172 508 -0.988172
00000793 901 329 -1.024
00000797 156 1008 1.45375
00000797 210 621 0.546723
00000797 278 784 0.0984266
00000797 438 960 -0.328748
00000797 215 836 -0.569579
00000797 436 298 -0.658803
00000797 164 772 -0.701759
00000797 142 689 -0.753279
00000797 228 884 -0.794842
00000797 13 914 -0.86127
00000797 188 740 -0.875443
00000797 270 915 -0.884407
00000797 148 948 -0.926423
00000797 131 490 -0.975684
00000812 335 404 0.292725
00000812 308 673 0.267683
00000812 68 984 0.211872
00000812 211 866 -0.0204407
00000812 979 556 -0.240447
00000812 996 320 -0.290073
00000812 268 584 -0.346324
00000812 408 574 -0.351369
00000812 76 252 -0.392574
00000812 948 424 -0.532101
00000812 364 554 -0.56359
00000812 812 295 -0.582512
00000812 324 708 -0.629406
00000812 369 507 -0.659007
00000812 221 901 -0.729552
00000812 93 955 -0.7865
00000812 162 930 -0.801207
00000812 261 684 -0.848939
00000812 132 822 -0.855904
00000812 379 9 -0.866159
00000812 41 813 -0.899393
00000812 300 556 -0.935808
00000812 324 392 -0.975738
00000812 870 72 -0.979459
00000812 839 316 -1.01607
00000812 476 668 -1.01901
00000812 284 8 -1.0311
00000817 876 754 1.09936
00000817 664 844 0.855951
00000817 928 36 0.786053
00000817 912 308 0.69524
00000817 652 509 0.587747
00000817 676 700 0.196357
00000817 728 270 -0.00357396
00000817 930 467 -0.600423
00000817 686 701 -0.680365
00000817 936 508 -0.811501
00000817 660 553 -0.93018
00000817 156 716 -0.93225
00000817 270 638 -1.00689
00000817 261 611 -1.02752
00000835 684 98 -0.0373852
00000835 427 59 -0.326079
00000835 861 68 -0.603998
00000835 90 304 -0.726145
00000835 583 68 -0.738586
00000835 976 84 -0.784362
00000835 4 261 -0.796929
00000835 986 137 -0.812574
00000835 851 123 -0.813371
00000835 989 49 -0.851092
00000835 861 34 -0.854445
00000835 951 82 -0.894594
00000835 673 90 -0.940343
00000835 44 246 -0.975281
00000835 691 52 -1.0056
00000835 235 55 -1.01881
00000838 415 167 0.953235
00000838 162 103 -0.351259
00000838 372 137 -0.382338
00000838 258 26 -0.421433
00000838 100 320 -0.622807
00000838 268 12 -0.623513
00000838 113 379 -0.645667
00000838 201 98 -0.664572
00000838 621 68 -0.708681
00000838 84 260 -0.756626
00000838 172 182 -0.793105
00000838 758 235 -0.839105
00000838 73 206 -0.855842
00000838 564 276 -0.867424
00000838 822 196 -0.952246
00000854 30 818 0.56737
00000854 12 857 -0.770308
00000854 231 999 -0.78962
00000858 47 617 1.48347
00000858 158 677 1.20354
00000858 321 738 0.846316
00000858 458 874 0.429623
00000858 353 317 0.279164
00000858 476 348 0.237299
00000858 652 372 0.0777567
00000858 260 674 0.0424977
00000858 379 329 -0.117398
00000858 416 332 -0.145985
00000858 364 628 -0.162013
00000858 389 807 -0.174642
00000858 163 691 -0.184406
00000858 655 338 -0.19778
00000858 236 620 -0.225793
00000858 279 606 -0.273487
00000858 644 396 -0.299918
00000858 225 317 -0.300975
00000858 100 448 -0.32492
00000858 364 612 -0.345957
00000858 448 343 -0.438485
00000858 278 587 -0.444844
00000858 316 728 -0.49102
00000858 693 436 -0.620548
00000858 768 507 -0.65876
00000858 692 488 -0.66259
00000858 693 514 -0.668773
00000858 369 310 -0.688867
00000858 36 388 -0.700214
00000858 180 452 -0.721714
00000858 287 518 -0.751042
00000858 814 175 -0.75456
00000858 814 124 -0.791785
00000858 822 192 -0.804533
00000858 469 881 -0.805452
00000858 28 208 -0.808436
00000858 635 408 -0.834132
00000858 780 492 -0.83649
00000858 454 215 -0.842962
00000858 583 197 -0.848857
00000858 832 236 -0.869838
00000858 689 445 -0.871884
00000858 76 484 -0.88517
00000858 679 500 -0.886663
00000858 640 356 -0.910587
00000858 469 353 -0.932458
00000858 564 420 -0.979743
00000858 780 520 -0.98379
00000858 326 436 -0.997365
00000858 681 947 -1.01265
00000858 12 536 -1.0133
00000858 390 527 -1.02604
00000858 93 714 -1.02679
00000858 820 224 -1.03217
00000858 237 860 -1.03547
00000872 519 569 2.54861
00000872 399 831 0.741816
00000872 572 176 0.4106
00000872 131 992 0.134659
00000872 764 380 -0.0328378
00000872 295 167 -0.10359
00000872 694 674 -0.137482
00000872 990 844 -0.169636
00000872 655 591 -0.213564
00000872 276 744 -0.218936
00000872 836 116 -0.257637
00000872 748 948 -0.329826
00000872 818 5 -0.391865
00000872 332 754 -0.393734
00000872 964 463 -0.470104
00000872 480 992 -0.470542
00000872 415 810 -0.604313
00000872 652 482 -0.605712
00000872 673 553 -0.609543
00000872 877 372 -0.625963
00000872 210 926 -0.670395
00000872 553 295 -0.68166
00000872 732 420 -0.683029
00000872 76 920 -0.685432
00000872 583 4 -0.725799
00000872 59 620 -0.734588
00000872 934 522 -0.735455
00000872 44 944 -0.735637
00000872 773 389 -0.737219
00000872 175 728 -0.75327
00000872 153 791 -0.76677
00000872 500 504 -0.811861
00000872 924 588 -0.833721
00000872 792 201 -0.836356
00000872 227 244 -0.851212
00000872 572 972 -0.867436
00000872 621 467 -0.869871
00000872 960 4 -0.880017
00000872 916 652 -0.896877
00000872 568 188 -0.899138
00000872 647 604 -0.899531
00000872 459 659 -0.912221
00000872 482 473 -0.920915
00000872 406 496 -0.962996
00000872 487 59 -0.970112
00000872 632 220 -0.972492
00000872 960 105 -0.996484
00000872 4 232 -1.00727
00000872 649 833 -1.01076
00000872 364 736 -1.01656
00000872 820 816 -1.02389
00000884 509 248 2.19596
00000884 526 275 1.20202
00000884 427 64 1.11958
00000884 583 395 0.510336
00000884 355 664 0.39218
00000884 433 630 0.284853
00000884 276 144 0.124917
00000884 308 676 0.0282546
00000884 12 994 -0.124751
00000884 338 150 -0.156527
00000884 923 501 -0.230334
00000884 698 853 -0.406986
00000884 347 30 -0.460421
00000884 860 684 -0.526302
00000884 625 457 -0.550598
00000884 98 107 -0.597356
00000884 923 188 -0.613477
00000884 390 647 -0.629423
00000884 801 428 -0.711663
00000884 908 500 -0.790877
00000884 258 295 -0.803582
00000884 587 784 -0.818363
00000884 103 226 -0.842044
00000884 218 561 -0.871622
00000884 676 692 -0.877795
00000884 227 338 -0.882967
00000884 754 237 -0.892393
00000884 100 488 -0.896746
00000884 179 422 -0.89848
00000884 468 232 -0.915516
00000884 398 184 -0.922133
00000884 184 58 -0.949085
00000884 852 44 -0.949292
00000884 756 180 -0.960279
00000884 884 116 -0.963885
00000884 26 955 -0.973847
00000884 372 264 -0.994797
00000884 364 604 -1.01532
00000884 510 304 -1.02546
00000884 611 179 -1.03068
00000906 340 40 0.437185
00000906 913 171 0.388168
00000906 544 128 0.209235
00000906 192 325 0.177792
00000906 287 372 -0.0318077
00000906 587 252 -0.120835
00000906 399 574 -0.139162
00000906 110 263 -0.149947
00000906 891 538 -0.16611
00000906 785 836 -0.274766
00000906 476 368 -0.277548
00000906 981 154 -0.400468
00000906 353 42 -0.415543
00000906 932 932 -0.43565
00000906 676 264 -0.478903
00000906 482 748 -0.482327
00000906 645 339 -0.50949
00000906 167 484 -0.56775
00000906 940 241 -0.606533
00000906 804 52 -0.62058
00000906 540 884 -0.633458
00000906 786 379 -0.682171
00000906 566 674 -0.685045
00000906 153 379 -0.689757
00000906 716 492 -0.690585
00000906 836 160 -0.759338
00000906 767 928 -0.770318
00000906 292 236 -0.771815
00000906 28 268 -0.841063
00000906 257 630 -0.841797
00000906 712 5 -0.848429
00000906 668 276 -0.878833
00000906 381 68 -0.894242
00000906 620 580 -0.908466
00000906 807 248 -0.908628
00000906 278 21 -0.923115
00000906 320 251 -0.949915
00000906 988 232 -0.959653
00000906 638 818 -0.965001
00000906 376 105 -0.980176
00000906 876 428 -1.02452
00000906 812 1004 -1.02626
00000909 438 950 0.483036
00000909 752 964 0.0766045
00000909 151 376 -0.117442
00000909 124 973 -0.418199
00000909 657 859 -0.639038
00000909 818 786 -0.791997
00000909 745 853 -0.843434
00000909 308 508 -0.984908
00000909 64 990 -1.02172
00000909 876 1008 -1.02189
00000909 4 793 -1.02715
00000909 659 744 -1.04567
00000920 680 216 0.111337
00000920 822 226 0.0939118
00000920 428 290 -0.166017
00000920 758 150 -0.194016
00000920 4 4 -0.52764
00000920 349 300 -0.616578
00000920 153 5 -0.84163
00000939 604 287 2.70792
00000939 438 497 1.94112
00000939 329 585 1.73851
00000939 300 670 1.19787
00000939 44 866 -0.21802
00000939 636 104 -0.868942
00000939 310 615 -0.883194
00000939 123 773 -0.926267
00000944 897 416 0.326634
00000944 861 615 0.140877
00000944 892 412 -0.721922
00000944 852 652 -1.0142
00000971 348 468 -0.492787
00000971 916 752 -0.696969
00000971 828 628 -0.839923
00000971 914 992 -0.890395
00000971 891 606 -1.02854
00000971 804 477 -1.04942
00000973 1012 44 0.112435
00000973 984 34 -0.497207
00000973 701 728 -0.526035
00000973 775 728 -0.57737
00000973 564 240 -0.753795
00000973 652 372 -0.87623
00000973 901 832 -0.903073
00000973 647 183 -0.964523
00000973 997 22 -0.977243
00000973 150 244 -0.984112
00000973 1001 96 -1.01092
00000973 4 807 -1.01481
00000973 988 728 -1.02036
00000978 840 588 1.2111
00000978 806 638 0.56225
00000978 701 812 0.415217
00000978 859 542 0.333847
00000978 493 141 0.261132
00000978 496 153 -0.432282
00000978 192 175 -0.870271
00000978 548 820 -0.91463
00000978 650 684 -0.92768
00000978 669 802 -1.03417
00001013 290 960 0.0466819
00001013 638 767 -0.573051
00001013 664 645 -0.673228
00001013 998 964 -0.740206
00001013 398 330 -0.935064
00001013 570 98 -0.947177
00001013 756 996 -1.02514
00001013 251 891 -1.04792
00001038 617 723 -0.346079
00001038 608 724 -0.745301
00001038 572 708 -0.860092
00001038 291 124 -1.03701
00001038 300 848 -1.03936
00001043 269 438 -1.03525
00001048 527 167 0.424286
00001048 528 228 -0.43389
00001048 852 608 -0.508048
00001048 810 613 -0.642813
00001048 528 196 -0.811897
00001048 533 701 -0.900583
00001048 620 1004 -0.925141
00001048 739 611 -0.974528
00001048 561 913 -1.00384
00001061 339 467 0.772631
00001061 4 364 -0.355494
00001061 324 468 -0.809296
00001061 121 311 -0.88805
00001068 20 660 0.679035
00001068 270 497 0.397914
00001068 124 817 -0.129902
00001068 24 764 -0.691155
00001068 269 533 -0.694772
00001098 588 740 2.21594
00001098 690 270 1.6962
00001098 578 707 1.48201
00001098 379 664 1.40613
00001098 753 142 1.02188
00001098 480 490 0.850398
00001098 796 420 0.248
00001098 849 68 -0.672572
00001098 484 480 -1.04504
00001106 132 347 1.49867
00001106 284 64 0.681206
00001106 108 116 0.514326
00001106 142 379 0.340756
00001106 4 416 -0.434007
00001106 124 27 -0.573305
00001106 64 34 -0.594027
00001106 150 4 -0.66207
00001106 396 204 -0.677699
00001106 528 164 -0.690411
00001106 22 211 -0.739372
00001106 270 54 -0.740138
00001106 15 73 -0.887123
00001106 472 113 -0.906955
00001106 124 380 -0.968082
00001106 353 42 -1.0018
00001106 4 1010 -1.01387
00001118 969 868 2.083
00001118 773 664 0.276471
00001118 780 644 -0.982637
00001139 832 891 -0.52786
00001139 4 310 -1.04979
00001148 892 492 0.885516
00001148 432 132 0.557581
00001148 312 124 0.127874
00001148 923 716 -0.201805
00001148 854 480 -0.502188
00001148 1000 572 -0.548425
00001148 915 664 -0.761898
00001148 142 94 -0.818194
00001148 553 278 -0.875533
00001148 901 467 -0.955945
00001148 987 987 -1.04784
00001156 204 144 1.3125
00001156 324 36 -0.524553
00001156 389 241 -0.882008
00001156 231 98 -1.04357
00001156 310 93 -1.0451
00001190 630 810 -0.297468
00001190 868 836 -0.391506
00001190 827 998 -0.487482
00001190 369 758 -0.843165
00001190 216 844 -0.892029
00001190 816 1004 -0.993745
00001195 201 261 -0.113529
00001195 464 243 -0.286811
00001195 408 192 -0.417068
00001195 320 300 -0.42037
00001195 206 438 -0.430514
00001195 280 55 -0.526726
00001195 385 459 -0.569325
00001195 192 418 -0.694965
00001195 329 187 -0.775011
00001195 362 353 -0.785265
00001195 270 108 -0.957054
00001195 300 201 -0.968743
00001220 644 692 0.548857
00001220 748 689 0.391962
00001220 506 26 0.00455994
00001220 822 748 -0.197651
00001220 628 828 -0.216015
00001220 675 849 -0.248662
00001220 1007 973 -0.450645
00001220 849 770 -0.506822
00001220 564 110 -0.683009
00001220 504 388 -0.798776
00001220 680 781 -0.804416
00001220 644 780 -0.806342
00001220 804 735 -0.832049
00001220 276 132 -0.836337
00001220 723 861 -0.850558
00001220 976 796 -0.868827
00001220 404 88 -0.884236
00001220 730 808 -0.898982
00001220 244 175 -0.94205
00001220 765 707 -0.950962
00001220 780 892 -0.976465
00001220 142 349 -0.978223
00001220 901 940 -0.992569
00001220 473 716 -0.99936
00001220 712 664 -1.00445
00001220 596 379 -1.00832
00001224 68 733 -0.495168
00001224 36 748 -0.562331
00001224 4 974 -1.00611
00001240 389 812 0.68903
00001240 980 524 -0.446789
00001240 188 876 -0.630571
00001240 355 981 -0.675701
00001240 4 4 -0.680143
00001240 748 50 -0.683153
00001240 372 772 -0.693411
00001240 493 55 -0.815266
00001240 930 604 -0.878493
00001240 891 712 -0.905174
00001240 659 796 -0.933708
00001240 758 167 -0.950667
00001240 68 980 -0.980517
00001240 12 444 -0.98799
00001240 849 840 -1.00111
00001240 90 707 -1.00402
00001240 235 913 -1.0062
00001240 914 914 -1.01681
00001240 448 773 -1.03996
00001241 881 147 0.128259
00001241 38 355 -0.533952
00001241 955 279 -0.561405
00001241 615 738 -0.734444
00001241 818 189 -0.745055
00001241 398 167 -0.757121
00001241 493 600 -0.771993
00001241 712 52 -0.809244
00001241 881 654 -0.905582
00001241 849 63 -0.907428
00001241 482 339 -0.912637
00001241 965 189 -0.914314
00001241 576 177 -0.919939
00001241 511 300 -0.935984
00001241 344 836 -0.940816
00001241 818 401 -0.949407
00001241 448 566 -0.988698
00001241 628 306 -0.990742
00001241 4 450 -0.99785
00001241 271 376 -1.03415
00001241 4 930 -1.04517
00001241 891 68 -1.04521
00001243 52 501 0.859802
00001243 98 487 0.705978
00001243 103 615 -0.136964
00001243 96 712 -0.283632
00001243 85 707 -0.33799
00001243 965 216 -0.504349
00001243 4 300 -0.522855
00001243 60 348 -0.540797
00001243 399 804 -0.581117
00001243 42 493 -0.589284
00001243 364 700 -0.592085
00001243 113 428 -0.642711
00001243 132 497 -0.652089
00001243 621 312 -0.706746
00001243 79 353 -0.723116
00001243 98 647 -0.737438
00001243 317 702 -0.739905
00001243 510 282 -0.772324
00001243 972 356 -0.786902
00001243 788 328 -0.806429
00001243 132 994 -0.818865
00001243 887 415 -0.836223
00001243 448 773 -0.879751
00001243 359 753 -0.941123
00001243 576 457 -0.948063
00001243 21 330 -0.986013
00001243 114 744 -0.993039
00001243 280 792 -1.02324
00001245 490 316 0.240454
00001245 420 772 -0.945198
00001250 578 17 0.784116
00001250 714 157 0.536729
00001250 861 184 0.271485
00001250 569 32 -0.524913
00001250 444 620 -0.707831
00001250 418 172 -0.711472
00001250 605 270 -0.745416
00001250 860 224 -0.750748
00001250 596 131 -0.787987
00001250 588 124 -0.826999
00001250 560 12 -0.895206
00001250 492 200 -0.90886
00001250 700 172 -0.949107
00001250 788 684 -0.983489
00001250 416 237 -0.988734
00001250 544 81 -1.01112
00001250 438 401 -1.03717
00001257 300 897 1.20536
00001257 338 857 -0.309261
00001257 433 998 -0.81922
00001257 564 1004 -0.882186
00001257 724 980 -0.936967
00001257 348 870 -1.02178
00001261 887 424 2.06754
00001261 859 307 1.75544
00001261 970 398 1.55128
00001261 1003 587 0.0298931
00001261 840 388 -0.478165
00001261 822 4 -0.565458
00001261 964 300 -0.96247
00001261 973 613 -1.04444
