00000013 427 137 1.27168
00000013 316 132 0.847088
00000013 420 132 0.199349
00000013 320 24 -0.0421475
00000013 349 167 -0.68239
00000013 44 284 -1.01506
00000038 960 519 1.10913
00000038 972 488 0.867139
00000038 211 132 0.291303
00000038 630 30 0.209427
00000038 839 881 0.0846606
00000038 220 216 -0.0165702
00000038 4 500 -0.0695036
00000038 1012 572 -0.0734197
00000038 98 613 -0.0770086
00000038 565 629 -0.100948
00000038 4 992 -0.153052
00000038 932 813 -0.216563
00000038 659 902 -0.253413
00000038 564 276 -0.296095
00000038 763 103 -0.33599
00000038 585 923 -0.36704
00000038 836 968 -0.371743
00000038 970 684 -0.431275
00000038 765 744 -0.432518
00000038 733 930 -0.45454
00000038 750 887 -0.468717
00000038 298 156 -0.542945
00000038 701 854 -0.585763
00000038 948 60 -0.601951
00000038 284 151 -0.624221
00000038 164 12 -0.666451
00000038 692 836 -0.669403
00000038 649 321 -0.669805
00000038 596 452 -0.757641
00000038 52 448 -0.762942
00000038 895 298 -0.775182
00000038 659 628 -0.810158
00000038 121 364 -0.810996
00000038 412 808 -0.825073
00000038 997 611 -0.829554
00000038 860 452 -0.846014
00000038 940 773 -0.862102
00000038 615 132 -0.862842
00000038 167 454 -0.875424
00000038 184 26 -0.89637
00000038 484 1004 -0.896658
00000038 813 758 -0.91383
00000038 390 651 -0.927834
00000038 989 635 -0.938848
00000038 497 398 -0.949915
00000038 724 396 -0.958297
00000038 978 657 -0.962448
00000038 638 681 -0.970541
00000038 741 55 -0.971262
00000038 533 237 -0.989358
00000038 206 114 -1.02573
00000042 750 655 -0.123675
00000042 896 38 -0.303469
00000042 851 142 -0.409902
00000042 786 10 -0.574015
00000042 886 87 -0.579638
00000042 792 152 -0.645988
00000042 1012 100 -0.703945
00000042 970 152 -0.785002
00000042 902 68 -0.963838
00000042 998 295 -1.01024
00000043 460 612 1.51622
00000043 124 124 0.722648
00000043 438 738 0.498688
00000043 252 158 0.495621
00000043 156 396 0.468972
00000043 141 252 0.409195
00000043 196 164 0.379452
00000043 41 408 0.346819
00000043 81 261 0.341702
00000043 28 316 0.274227
00000043 724 175 0.232356
00000043 107 775 0.153072
00000043 469 617 0.0759333
00000043 20 268 0.0635701
00000043 13 188 0.0509999
00000043 528 702 0.0388915
00000043 73 785 -0.0214817
00000043 221 389 -0.0705135
00000043 211 298 -0.106108
00000043 64 132 -0.163311
00000043 100 404 -0.171096
00000043 270 287 -0.292234
00000043 128 169 -0.343253
00000043 205 248 -0.354449
00000043 280 381 -0.37077
00000043 412 772 -0.394591
00000043 145 304 -0.412973
00000043 500 720 -0.431345
00000043 484 4 -0.444848
00000043 248 115 -0.45319
00000043 83 310 -0.454903
00000043 192 73 -0.456068
00000043 150 81 -0.558552
00000043 916 908 -0.561792
00000043 12 140 -0.596949
00000043 68 179 -0.657439
00000043 460 692 -0.683575
00000043 188 114 -0.768611
00000043 544 715 -0.823804
00000043 733 163 -0.831713
00000043 673 655 -0.893872
00000043 184 81 -0.896899
00000043 304 468 -0.933049
00000043 64 733 -0.942441
00000043 636 676 -0.945123
00000043 647 634 -0.977693
00000043 635 44 -1.02288
00000043 585 643 -1.0295
00000043 266 243 -1.03109
00000044 252 400 1.56797
00000044 615 650 1.49977
00000044 221 743 1.2574
00000044 140 36 1.23828
00000044 853 42 1.07771
00000044 648 4 0.643502
00000044 674 817 0.607896
00000044 24 645 0.566847
00000044 457 369 0.248438
00000044 866 210 0.0341016
00000044 188 418 -0.0595882
00000044 280 441 -0.100276
00000044 497 910 -0.362171
00000044 763 320 -0.407372
00000044 844 196 -0.459825
00000044 36 47 -0.507989
00000044 605 620 -0.633645
00000044 733 791 -0.683123
00000044 788 312 -0.692609
00000044 891 989 -0.696006
00000044 140 676 -0.703992
00000044 923 174 -0.770259
00000044 197 537 -0.776391
00000044 615 4 -0.843685
00000044 252 679 -0.857353
00000044 244 797 -0.868284
00000044 840 878 -0.874154
00000044 108 340 -0.898171
00000044 261 179 -0.919246
00000044 923 675 -0.939942
00000044 261 621 -0.94093
00000044 344 698 -0.943676
00000044 836 261 -0.956743
00000044 629 574 -0.970213
00000044 540 628 -0.972251
00000044 152 39 -0.972526
00000044 881 749 -0.975696
00000044 151 390 -0.989311
00000044 508 368 -0.990012
00000044 548 360 -1.00316
00000044 501 287 -1.01916
00000044 596 288 -1.01929
00000046 968 84 1.44945
00000046 1012 524 -0.364525
00000046 872 356 -0.403694
00000046 1006 197 -0.413595
00000046 956 140 -0.449479
00000046 874 561 -0.467208
00000046 955 232 -0.47069
00000046 891 236 -0.614202
00000046 861 956 -0.616213
00000046 964 282 -0.695783
00000046 860 204 -0.74395
00000046 950 339 -0.76791
00000046 910 497 -0.814665
00000046 876 320 -0.832857
00000046 1007 484 -0.878183
00000046 948 224 -0.908589
00000046 891 290 -0.909161
00000046 909 326 -0.910871
00000046 964 308 -0.942402
00000046 794 712 -0.964398
00000046 716 220 -0.990022
00000046 720 92 -1.0015
00000046 684 804 -1.04778
00000063 955 684 1.44943
00000063 488 348 1.37375
00000063 108 556 0.929842
00000063 849 411 0.744616
00000063 93 585 0.198057
00000063 304 741 -0.161965
00000063 31 100 -0.264455
00000063 89 5 -0.332767
00000063 635 320 -0.440791
00000063 644 812 -0.496433
00000063 164 692 -0.578789
00000063 204 596 -0.710868
00000063 107 252 -0.716328
00000063 278 574 -0.728337
00000063 268 416 -0.786643
00000063 24 4 -0.858764
00000063 684 704 -0.896978
00000063 992 980 -0.916647
00000063 274 427 -0.924647
00000063 799 767 -1.01638
00000063 861 280 -1.02782
00000063 487 574 -1.04614
00000073 591 553 1.31016
00000073 625 613 0.976642
00000073 597 133 0.812758
00000073 625 398 0.679525
00000073 632 316 0.240311
00000073 204 340 -0.160895
00000073 54 389 -0.526523
00000073 338 304 -0.534878
00000073 94 374 -0.571487
00000073 212 360 -0.604242
00000073 591 575 -0.857686
00000073 192 353 -0.895525
00000073 58 321 -0.986934
00000073 18 335 -1.01753
00000073 630 645 -1.03306
00000073 630 270 -1.04198
00000073 13 390 -1.0432
00000074 544 532 0.474517
00000090 570 891 2.07949
00000090 732 204 1.38057
00000090 613 617 0.274336
00000090 670 100 0.0969794
00000090 860 8 0.0890905
00000090 497 182 -0.116646
00000090 964 853 -0.278799
00000090 934 533 -0.424529
00000090 20 548 -0.443754
00000090 832 842 -0.44437
00000090 960 964 -0.4685
00000090 424 218 -0.468719
00000090 415 4 -0.476672
00000090 228 548 -0.498426
00000090 666 509 -0.606084
00000090 227 107 -0.623273
00000090 960 628 -0.682975
00000090 564 564 -0.715018
00000090 900 892 -0.722448
00000090 184 90 -0.734271
00000090 990 836 -0.8015
00000090 950 906 -0.809618
00000090 680 902 -0.860508
00000090 566 182 -0.894148
00000090 595 339 -0.899091
00000090 955 422 -0.900032
00000090 818 167 -0.91009
00000090 131 596 -0.916383
00000090 580 340 -0.936215
00000090 690 158 -0.949867
00000090 184 353 -0.963563
00000090 940 428 -0.967476
00000090 179 326 -0.999136
00000090 988 476 -1.00616
00000090 673 325 -1.03287
00000090 123 556 -1.04191
00000112 220 48 1.88816
00000112 420 578 0.588115
00000112 81 861 0.296822
00000112 420 804 -0.347732
00000112 38 647 -0.362706
00000112 188 560 -0.425633
00000112 448 860 -0.46803
00000112 120 476 -0.58552
00000112 364 572 -0.753253
00000112 510 771 -0.781544
00000112 28 660 -0.841623
00000112 179 583 -0.863307
00000112 124 632 -0.958185
00000112 396 312 -1.02273
00000112 59 606 -1.04169
00000115 560 820 1.06543
00000115 4 252 -0.310206
00000115 559 881 -0.4415
00000115 632 900 -0.643522
00000115 853 673 -0.672255
00000115 380 916 -0.850597
00000115 546 932 -0.881462
00000115 477 585 -1.00553
00000115 884 820 -1.01138
00000115 860 804 -1.01648
00000115 972 780 -1.03193
00000118 36 21 0.497026
00000118 358 32 0.0191347
00000118 802 462 -0.0232575
00000118 538 374 -0.042814
00000118 960 110 -0.10325
00000118 655 38 -0.124813
00000118 532 104 -0.148311
00000118 750 192 -0.161796
00000118 252 427 -0.182999
00000118 806 415 -0.226399
00000118 613 347 -0.267667
00000118 353 188 -0.358517
00000118 184 796 -0.373536
00000118 388 524 -0.472676
00000118 955 94 -0.556882
00000118 336 60 -0.557388
00000118 89 21 -0.596271
00000118 347 437 -0.599788
00000118 347 17 -0.647776
00000118 950 462 -0.672179
00000118 540 364 -0.681667
00000118 184 839 -0.68452
00000118 90 518 -0.685273
00000118 81 621 -0.686725
00000118 560 316 -0.716018
00000118 184 758 -0.723149
00000118 452 432 -0.72654
00000118 19 822 -0.729313
00000118 913 107 -0.731434
00000118 20 724 -0.748223
00000118 684 520 -0.749637
00000118 20 668 -0.766182
00000118 197 150 -0.794475
00000118 332 20 -0.801063
00000118 253 670 -0.805146
00000118 21 621 -0.806024
00000118 4 891 -0.812089
00000118 427 174 -0.82666
00000118 786 36 -0.829803
00000118 840 828 -0.858204
00000118 248 660 -0.867033
00000118 184 638 -0.873542
00000118 321 543 -0.880711
00000118 187 694 -0.883845
00000118 764 364 -0.892866
00000118 240 436 -0.893131
00000118 47 902 -0.905732
00000118 132 756 -0.938705
00000118 860 105 -0.941919
00000118 20 796 -0.954818
00000118 611 427 -0.955031
00000118 148 348 -0.959876
00000118 206 427 -0.962307
00000118 844 460 -0.968255
00000118 192 578 -0.9703
00000118 940 92 -0.974961
00000118 44 892 -0.978496
00000118 260 531 -0.98739
00000118 676 220 -0.996777
00000118 131 438 -1.00636
00000118 4 758 -1.0137
00000118 22 693 -1.02629
00000120 540 300 1.14977
00000120 531 113 0.619005
00000120 540 340 -0.0473655
00000120 895 225 -0.192889
00000120 759 290 -0.218861
00000120 851 19 -0.234756
00000120 385 902 -0.709869
00000120 395 280 -0.932225
00000120 913 15 -0.963957
00000120 733 638 -0.964025
00000120 390 776 -1.01628
00000128 83 34 0.612584
00000128 234 50 -0.413699
00000128 900 540 -0.470792
00000128 996 244 -0.977705
00000131 528 110 -0.47093
00000131 588 244 -0.863306
00000131 484 164 -1.03057
00000131 260 241 -1.03608
00000145 279 131 1.02748
00000145 548 460 0.611898
00000145 271 119 -0.0113663
00000145 261 377 -0.211958
00000145 225 68 -0.551515
00000145 932 444 -0.60796
00000145 87 321 -0.730767
00000145 854 491 -0.787316
00000145 836 732 -0.816747
00000145 669 487 -0.821287
00000145 180 244 -0.826363
00000145 473 868 -0.827673
00000145 450 818 -0.842212
00000145 973 540 -0.86794
00000145 252 101 -0.914958
00000145 733 42 -0.959967
00000145 468 900 -0.97911
00000145 220 704 -0.989909
00000145 13 661 -1.01054
00000145 476 968 -1.01527
00000168 197 721 0.660867
00000168 364 212 0.614349
00000168 441 866 0.581457
00000168 379 778 0.512258
00000168 519 817 0.0127602
00000168 556 716 -0.0544419
00000168 450 797 -0.0821241
00000168 241 187 -0.366256
00000168 252 668 -0.668384
00000168 412 548 -0.675625
00000168 316 940 -0.759661
00000168 196 704 -0.779978
00000168 276 932 -0.838895
00000168 72 707 -0.872644
00000168 237 770 -0.877765
00000168 289 951 -0.901528
00000168 364 221 -0.926731
00000168 298 422 -0.94555
00000168 308 164 -0.949617
00000168 121 538 -0.961668
00000168 905 519 -0.966341
00000168 543 791 -0.985475
00000168 652 216 -1.00261
00000168 780 332 -1.01637
00000168 252 620 -1.02125
00000168 482 863 -1.02146
00000168 438 622 -1.04138
00000187 891 390 1.96635
00000187 418 674 -0.330806
00000187 111 150 -0.372625
00000187 141 518 -0.630489
00000187 132 526 -1.01163
00000187 454 813 -1.03707
00000197 528 588 -0.00293115
00000197 271 124 -0.255009
00000197 284 104 -0.680323
00000197 251 615 -0.69644
00000197 807 675 -0.828224
00000197 794 684 -0.843794
00000197 527 561 -0.860918
00000197 527 767 -0.877009
00000197 325 4 -1.01239
00000197 308 140 -1.0253
00000197 400 4 -1.04178
00000201 408 773 0.206141
00000201 988 668 0.0742568
00000201 587 651 0.0112963
00000201 308 720 -0.0917471
00000201 776 804 -0.174064
00000201 584 660 -0.315746
00000201 372 772 -0.507745
00000201 236 508 -0.516157
00000201 300 684 -0.601633
00000201 868 702 -0.623669
00000201 708 716 -0.698622
00000201 316 881 -0.730614
00000201 856 892 -0.774603
00000201 412 500 -0.809705
00000201 792 822 -0.837554
00000201 904 621 -0.866327
00000201 724 844 -0.879515
00000201 100 701 -0.926097
00000201 26 807 -0.979645
00000201 265 635 -1.00411
00000201 988 628 -1.04155
00000201 675 629 -1.04566
00000224 103 364 0.194393
00000224 184 211 -0.0708176
00000224 192 162 -0.106796
00000224 87 574 -0.196122
00000224 98 418 -0.231652
00000224 342 98 -0.298474
00000224 83 625 -0.356711
00000224 428 272 -0.500054
00000224 158 561 -0.520465
00000224 162 738 -0.530089
00000224 335 592 -0.531107
00000224 279 638 -0.612172
00000224 141 158 -0.637705
00000224 252 484 -0.656257
00000224 107 437 -0.683097
00000224 692 428 -0.74718
00000224 388 516 -0.77717
00000224 342 518 -0.782662
00000224 261 938 -0.787155
00000224 107 403 -0.818217
00000224 128 613 -0.847654
00000224 436 464 -0.864102
00000224 433 613 -0.874179
00000224 252 407 -0.882784
00000224 211 433 -0.912816
00000224 236 516 -0.91306
00000224 715 745 -0.918695
00000224 152 743 -0.935926
00000224 628 258 -0.955511
00000224 282 793 -0.960096
00000224 265 235 -1.03393
00000224 90 827 -1.03587
00000228 735 133 0.394051
00000228 707 153 -0.2333
00000228 68 78 -0.407257
00000228 332 21 -0.410955
00000228 445 234 -0.65246
00000228 408 124 -0.68001
00000228 564 100 -0.723548
00000228 712 87 -0.790554
00000228 78 197 -0.802589
00000228 812 5 -0.8944
00000228 64 458 -0.898037
00000228 438 89 -0.920019
00000228 311 142 -0.938472
00000228 332 163 -0.939337
00000228 380 108 -1.00574
00000234 424 148 1.10891
00000234 244 540 -0.535147
00000234 96 317 -0.5654
00000234 4 852 -0.732567
00000234 684 172 -0.83084
00000234 169 202 -0.837736
00000234 629 156 -1.02823
00000234 812 260 -1.04866
00000236 26 680 -0.0555874
00000236 998 261 -0.0708545
00000236 979 34 -0.641759
00000236 272 612 -0.663512
00000236 4 482 -0.719461
00000236 934 263 -0.73245
00000236 620 392 -0.746803
00000236 174 374 -0.757622
00000236 418 389 -0.837683
00000236 76 692 -0.935263
00000236 960 4 -0.957515
00000236 276 580 -0.98394
00000236 876 12 -1.02471
00000238 760 732 1.43644
00000238 396 636 0.805841
00000238 762 804 0.712521
00000238 110 818 0.647443
00000238 284 880 0.0416239
00000238 654 965 -0.134093
00000238 660 936 -0.499244
00000238 732 916 -0.592744
00000238 380 680 -0.595714
00000238 733 802 -0.661474
00000238 676 908 -0.685755
00000238 271 702 -0.839747
00000238 904 913 -0.850423
00000238 467 784 -0.890646
00000238 972 1004 -0.923115
00000238 784 156 -0.934145
00000238 989 970 -0.941442
00000238 950 704 -0.951477
00000238 764 956 -0.959453
00000238 714 960 -1.03849
00000253 723 832 0.332084
00000253 913 364 -0.210205
00000253 744 353 -0.476411
00000253 390 4 -0.500532
00000253 938 364 -0.593526
00000253 831 500 -0.684135
00000253 638 707 -0.765013
00000253 460 764 -0.906307
00000253 564 395 -0.971342
00000253 583 317 -0.97544
00000253 448 121 -0.977698
00000253 956 516 -0.996617
00000253 964 501 -1.00235
00000261 969 197 1.03283
00000261 763 280 0.990638
00000261 930 295 0.986984
00000261 571 891 0.278745
00000261 934 300 -0.338192
00000261 764 112 -0.348028
00000261 764 956 -0.563427
00000261 424 651 -0.629501
00000261 635 763 -0.652936
00000261 932 436 -0.683859
00000261 636 860 -0.756661
00000261 684 924 -0.859682
00000261 289 776 -0.957449
00000261 585 258 -0.97669
00000261 526 664 -1.00111
00000261 576 871 -1.01376
00000261 981 870 -1.04302
00000261 469 649 -1.04854
00000271 381 629 1.65476
00000271 1012 364 0.552766
00000271 612 260 0.35916
00000271 580 244 -0.00160499
00000271 941 739 -0.026879
00000271 804 647 -0.0514773
00000271 270 621 -0.0720823
00000271 523 724 -0.0960083
00000271 668 316 -0.121046
00000271 475 330 -0.167378
00000271 1004 310 -0.209773
00000271 353 243 -0.286704
00000271 886 211 -0.321129
00000271 988 516 -0.343863
00000271 4 238 -0.386385
00000271 644 1004 -0.408334
00000271 854 188 -0.427454
00000271 659 744 -0.44813
00000271 775 977 -0.507382
00000271 41 601 -0.573133
00000271 763 723 -0.608137
00000271 184 870 -0.622431
00000271 188 647 -0.645644
00000271 218 745 -0.667606
00000271 115 205 -0.674336
00000271 807 605 -0.704547
00000271 556 612 -0.72307
00000271 50 895 -0.740687
00000271 723 369 -0.748662
00000271 932 356 -0.751685
00000271 827 861 -0.799357
00000271 812 142 -0.816478
00000271 381 978 -0.82996
00000271 996 292 -0.830815
00000271 278 282 -0.86107
00000271 38 578 -0.869857
00000271 884 196 -0.871906
00000271 140 4 -0.882018
00000271 374 649 -0.884244
00000271 393 704 -0.889403
00000271 415 836 -0.893534
00000271 764 132 -0.903065
00000271 317 592 -0.911857
00000271 620 236 -0.92989
00000271 887 681 -0.95357
00000271 887 184 -0.954487
00000271 509 215 -0.957054
00000271 340 924 -0.999482
00000271 270 709 -1.00311
00000271 26 248 -1.0276
00000271 148 172 -1.02941
00000271 776 105 -1.03211
00000296 876 252 1.56191
00000296 986 47 -0.444756
00000296 871 54 -0.899979
00000296 184 205 -0.964327
00000296 307 849 -1.00159
00000297 244 381 0.0466197
00000297 330 399 0.00533581
00000297 201 462 -0.406166
00000297 268 452 -0.410088
00000297 311 163 -0.681577
00000297 187 398 -0.723244
00000297 356 388 -0.749167
00000297 174 332 -0.756832
00000297 156 264 -0.826852
00000297 244 201 -0.887988
00000297 292 204 -1.00173
00000297 44 148 -1.04945
00000306 180 448 1.70874
00000306 892 180 1.04492
00000306 112 484 0.881483
00000306 379 236 0.0563788
00000306 902 184 -0.145138
00000306 156 276 -0.37068
00000306 891 307 -0.375738
00000306 708 580 -0.47498
00000306 385 327 -0.648586
00000306 588 692 -0.654856
00000306 620 353 -0.668956
00000306 596 132 -0.72671
00000306 947 480 -0.754997
00000306 436 564 -0.758978
00000306 105 362 -0.778522
00000306 4 292 -0.795016
00000306 924 680 -0.854814
00000306 652 500 -0.877417
00000306 886 367 -0.883949
00000306 824 12 -0.921235
00000306 543 385 -0.922149
00000306 81 450 -0.927539
00000306 776 629 -0.9395
00000306 654 802 -0.953112
00000306 810 531 -0.956081
00000306 784 681 -0.978208
00000306 940 300 -0.994504
00000306 820 560 -1.00594
00000306 261 295 -1.01758
00000306 234 275 -1.01812
00000306 142 500 -1.03245
00000306 496 237 -1.04552
00000321 675 733 0.47288
00000321 543 902 -0.147846
00000321 508 304 -0.212247
00000321 660 860 -0.359681
00000321 767 595 -0.618497
00000321 743 763 -0.645633
00000321 773 620 -0.78669
00000321 664 740 -0.843212
00000321 508 316 -0.852503
00000321 724 644 -0.969982
00000321 853 458 -0.985327
00000321 666 960 -1.02366
00000321 398 457 -1.04483
00000332 141 660 0.878415
00000332 308 792 0.737659
00000332 188 636 0.726397
00000332 292 816 0.145348
00000332 218 660 -0.16745
00000332 420 104 -0.539215
00000332 948 324 -0.598467
00000332 730 675 -0.853002
00000332 54 433 -0.963206
00000336 280 566 1.18618
00000336 588 114 0.836316
00000336 587 883 0.118253
00000336 441 428 -0.211628
00000336 457 24 -0.503342
00000336 459 438 -0.515055
00000336 192 930 -0.526683
00000336 271 937 -0.584162
00000336 537 349 -0.69826
00000336 484 668 -0.719306
00000336 147 976 -0.733645
00000336 675 110 -0.787092
00000336 290 896 -0.814623
00000336 675 215 -0.875402
00000336 647 261 -0.947769
00000336 287 548 -0.956576
00000336 901 93 -0.98384
00000336 404 364 -0.988388
00000336 132 844 -1.01436
00000336 150 960 -1.02381
00000336 871 142 -1.03291
00000343 150 312 1.00638
00000343 764 828 -0.607932
00000343 404 648 -0.955071
00000343 652 916 -0.998409
00000343 158 321 -1.00528
00000343 684 148 -1.03976
00000346 861 403 1.71176
00000346 673 291 0.296373
00000346 204 328 -0.590292
00000346 844 1012 -0.702877
00000346 621 231 -0.871419
00000346 604 750 -0.970779
00000346 870 416 -1.04177
00000379 921 887 0.588935
00000379 484 344 0.375366
00000379 565 978 -0.904053
00000379 812 1012 -0.954136
00000379 767 17 -1.0224
00000379 572 1004 -1.03957
00000381 674 398 -0.00106543
00000381 733 364 -0.599908
00000381 132 464 -0.804372
00000381 664 415 -0.894089
00000381 878 385 -0.908647
00000381 44 124 -0.959752
00000381 448 861 -0.961556
00000381 144 4 -1.01403
00000381 996 740 -1.04022
00000389 951 528 0.314524
00000389 773 177 -0.400209
00000389 772 208 -0.539205
00000389 730 211 -0.7719
00000389 996 372 -0.777295
00000389 940 468 -0.914469
00000389 930 300 -0.934161
00000389 844 460 -0.996734
00000389 743 182 -1.00119
00000421 565 698 0.173618
00000421 4 182 -0.340767
00000421 565 733 -0.475959
00000421 948 600 -0.589574
00000421 886 576 -0.746336
00000421 914 546 -0.759697
00000430 448 411 1.81315
00000430 832 192 0.934648
00000430 956 776 0.516038
00000430 300 272 0.213524
00000430 887 711 0.148125
00000430 379 241 0.0729547
00000430 605 196 -0.284377
00000430 332 720 -0.346491
00000430 473 4 -0.402858
00000430 379 39 -0.495548
00000430 457 581 -0.551985
00000430 948 424 -0.657361
00000430 541 4 -0.66608
00000430 487 162 -0.67284
00000430 591 218 -0.676743
00000430 574 748 -0.696335
00000430 896 372 -0.795096
00000430 444 676 -0.831116
00000430 644 236 -0.863766
00000430 996 752 -0.875949
00000430 316 788 -0.879026
00000430 990 278 -0.888296
00000430 947 544 -0.905129
00000430 733 438 -0.918971
00000430 452 764 -0.927753
00000430 394 47 -0.937859
00000430 343 728 -0.945408
00000430 788 400 -0.961599
00000430 988 156 -0.977715
00000430 201 457 -1.00608
00000430 326 799 -1.01807
00000430 105 330 -1.03512
00000430 988 108 -1.04716
00000435 728 76 1.23018
00000435 690 231 -0.271007
00000435 197 326 -0.480347
00000435 188 356 -0.589962
00000435 140 148 -0.742774
00000435 4 431 -0.764409
00000435 668 192 -0.916455
00000435 528 114 -0.932575
00000435 184 956 -0.959452
00000435 438 334 -0.970245
00000435 484 261 -0.978613
00000435 205 353 -0.979583
00000435 458 896 -0.982487
00000435 625 585 -1.03287
00000435 497 758 -1.03823
00000464 822 165 0.379292
00000464 851 310 0.262153
00000464 142 359 -0.256319
00000464 674 19 -0.366623
00000464 52 36 -0.560881
00000464 836 284 -0.616006
00000464 210 261 -0.731053
00000464 28 532 -0.799334
00000464 226 263 -0.908463
00000464 192 103 -1.01025
00000466 460 956 0.408976
00000466 647 923 0.107857
00000466 844 415 0.0983878
00000466 604 756 0.0759795
00000466 532 852 0.028012
00000466 666 87 0.0122498
00000466 715 595 -0.0473774
00000466 359 172 -0.0734026
00000466 951 280 -0.144732
00000466 497 175 -0.218727
00000466 540 828 -0.273633
00000466 775 510 -0.287905
00000466 436 992 -0.368994
00000466 733 141 -0.532211
00000466 574 32 -0.612873
00000466 956 252 -0.648626
00000466 753 83 -0.679228
00000466 1004 204 -0.690094
00000466 668 224 -0.710688
00000466 612 732 -0.719169
00000466 630 4 -0.761754
00000466 684 636 -0.812246
00000466 4 103 -0.875398
00000466 475 930 -0.995277
00000466 659 184 -0.997304
00000466 116 28 -1.01277
00000466 784 484 -1.02571
00000466 980 500 -1.04598
00000472 30 107 -0.120982
00000472 184 231 -0.603466
00000472 316 724 -1.02571
00000474 441 592 1.12027
00000474 263 438 0.695919
00000474 485 395 0.578593
00000474 647 531 -0.513865
00000474 839 543 -0.84012
00000474 822 459 -0.922519
00000474 773 512 -0.952008
00000474 276 428 -0.975638
00000478 708 420 1.2903
00000478 412 164 1.14401
00000478 721 918 0.938059
00000478 241 674 0.724578
00000478 511 511 0.685558
00000478 388 948 0.535755
00000478 565 289 0.51935
00000478 326 372 0.379076
00000478 416 174 0.372025
00000478 508 524 0.0170191
00000478 859 946 -0.148205
00000478 570 270 -0.200852
00000478 613 227 -0.424745
00000478 236 692 -0.704946
00000478 767 909 -0.746858
00000478 312 904 -0.798305
00000478 595 295 -0.829906
00000478 13 500 -0.999291
00000480 754 401 0.286884
00000480 270 643 -0.567106
00000482 424 180 0.00160706
00000482 892 732 -0.394002
00000482 500 886 -0.605479
00000482 532 548 -1.02215
00000484 868 224 2.01993
00000484 868 298 1.72297
00000484 736 892 1.71718
00000484 715 274 1.51008
00000484 994 467 0.935555
00000484 698 895 0.843668
00000484 1004 164 0.719392
00000484 980 340 0.641545
00000484 740 548 0.528443
00000484 715 312 0.268539
00000484 908 44 0.149765
00000484 585 321 0.135751
00000484 849 596 0.12101
00000484 796 554 0.0743879
00000484 807 628 -0.131078
00000484 748 583 -0.145317
00000484 820 152 -0.153039
00000484 517 290 -0.244959
00000484 765 891 -0.419144
00000484 948 12 -0.421345
00000484 860 105 -0.464543
00000484 801 604 -0.505294
00000484 813 505 -0.54198
00000484 990 4 -0.620557
00000484 412 788 -0.645274
00000484 694 201 -0.676577
00000484 902 870 -0.718435
00000484 916 388 -0.734977
00000484 629 307 -0.74355
00000484 723 192 -0.774185
00000484 913 58 -0.782753
00000484 905 87 -0.783699
00000484 812 524 -0.847229
00000484 960 332 -0.8635
00000484 732 604 -0.877536
00000484 849 96 -0.884764
00000484 950 270 -0.914392
00000484 812 616 -0.917157
00000484 860 356 -0.926423
00000484 438 566 -0.930733
00000484 828 158 -0.948982
00000484 468 792 -0.965252
00000484 670 469 -0.978284
00000484 881 232 -0.987243
00000484 775 158 -0.992006
00000484 938 398 -0.992343
00000484 853 561 -0.993375
00000484 428 553 -1.02099
00000484 812 80 -1.02844
00000503 996 972 -0.521958
00000503 750 304 -0.531852
00000503 180 608 -0.74892
00000503 684 460 -0.776418
00000503 748 482 -0.894536
00000503 934 427 -0.960161
00000514 674 625 2.13877
00000514 776 730 1.8751
00000514 251 827 1.63394
00000514 320 753 1.02685
00000514 716 628 1.01236
00000514 216 670 0.747533
00000514 142 684 0.722306
00000514 72 655 0.610302
00000514 5 670 0.48777
00000514 287 793 0.404937
00000514 227 878 0.383758
00000514 754 480 0.133741
00000514 698 471 0.0689711
00000514 4 307 0.0489426
00000514 228 536 -0.0884408
00000514 633 638 -0.247634
00000514 712 248 -0.287561
00000514 21 218 -0.343292
00000514 546 68 -0.447684
00000514 930 587 -0.484366
00000514 812 694 -0.541999
00000514 436 184 -0.596961
00000514 196 564 -0.605471
00000514 182 625 -0.631348
00000514 707 244 -0.658342
00000514 780 712 -0.669247
00000514 151 588 -0.692827
00000514 98 823 -0.705962
00000514 617 5 -0.743063
00000514 100 411 -0.775384
00000514 364 724 -0.780445
00000514 948 556 -0.79609
00000514 379 413 -0.824379
00000514 716 492 -0.831862
00000514 141 758 -0.839421
00000514 220 736 -0.859904
00000514 802 664 -0.862603
00000514 730 546 -0.864269
00000514 788 668 -0.884885
00000514 12 574 -0.903798
00000514 420 636 -0.917703
00000514 15 242 -0.929846
00000514 712 686 -0.931237
00000514 700 224 -0.936704
00000514 753 605 -0.957493
00000514 464 215 -0.958763
00000514 575 432 -0.959115
00000514 546 477 -0.980479
00000514 1008 670 -0.986163
00000514 123 664 -0.991734
00000514 884 140 -1.00528
00000514 763 246 -1.01593
00000514 509 652 -1.01885
00000514 227 574 -1.01939
00000514 960 714 -1.04843
00000514 878 947 -1.0486
00000520 892 240 2.84964
00000520 403 673 0.0334943
00000520 569 385 -0.259655
00000520 583 234 -0.424463
00000520 433 347 -0.54521
00000520 836 60 -0.579261
00000520 635 68 -0.657156
00000520 407 660 -0.694318
00000520 900 652 -0.708385
00000520 460 348 -0.814051
00000520 989 19 -0.835765
00000520 566 221 -0.892586
00000520 712 215 -0.907143
00000520 951 657 -0.941929
00000520 913 659 -1.0379
00000535 502 408 -0.285207
00000535 192 30 -0.737915
00000535 32 68 -0.738761
00000545 664 83 0.591574
00000545 445 59 -0.51965
00000545 492 280 -0.826015
00000545 891 196 -0.843569
00000545 676 96 -0.921947
00000562 47 591 1.40768
00000562 870 469 0.808679
00000562 818 696 0.622189
00000562 647 473 0.0513699
00000562 570 604 -0.131662
00000562 561 578 -0.417243
00000562 754 564 -0.481033
00000562 583 666 -0.519174
00000562 575 617 -0.619401
00000562 812 807 -0.717625
00000562 158 197 -0.767164
00000562 540 508 -0.776268
00000562 644 520 -0.811162
00000562 611 859 -0.816751
00000562 804 464 -0.831145
00000562 776 588 -0.869139
00000562 891 768 -0.960331
00000562 36 596 -0.978706
00000562 964 412 -0.980925
00000562 468 332 -1.00729
00000562 788 84 -1.00809
00000562 501 137 -1.01844
00000563 860 304 1.24098
00000563 686 416 0.803131
00000563 733 369 0.675473
00000563 296 972 -0.012254
00000563 617 242 -0.0510659
00000563 300 704 -0.38757
00000563 775 793 -0.516884
00000563 518 647 -0.556083
00000563 812 168 -0.58113
00000563 700 780 -0.617837
00000563 692 308 -0.647489
00000563 512 692 -0.729911
00000563 659 131 -0.795976
00000563 707 767 -0.862439
00000563 724 444 -0.922564
00000563 916 172 -0.965417
00000563 592 324 -0.979572
00000563 896 517 -1.00864
00000563 998 111 -1.04256
00000569 308 587 0.0722342
00000569 175 450 -0.243185
00000569 938 518 -0.25318
00000569 164 412 -0.321993
00000569 47 390 -0.510618
00000569 163 744 -0.713764
00000569 716 68 -0.739758
00000569 121 506 -0.830529
00000569 150 72 -0.947909
00000569 780 668 -0.993117
00000581 536 644 1.29503
00000581 64 38 -0.713826
00000581 369 5 -0.957281
00000588 823 244 0.873656
00000588 4 4 -0.940911
00000588 574 987 -1.02404
00000591 60 390 1.07111
00000591 692 132 -0.544416
00000593 284 767 1.40618
00000593 280 652 0.96754
00000593 321 89 0.546047
00000593 172 103 0.344262
00000593 611 192 -0.128759
00000593 310 645 -0.730455
00000593 433 162 -0.76506
00000593 235 107 -0.841933
00000593 956 220 -0.867575
00000593 329 211 -0.882623
00000593 77 664 -0.890822
00000593 904 804 -0.893984
00000593 369 674 -0.949237
00000593 500 772 -0.955376
00000593 708 100 -1.02674
00000594 180 200 2.1435
00000594 204 300 1.69734
00000594 261 192 1.59095
00000594 36 448 1.05529
00000594 591 655 0.557463
00000594 41 505 0.24015
00000594 388 308 0.159705
00000594 167 222 0.105534
00000594 339 325 0.0461199
00000594 412 328 -0.287554
00000594 348 396 -0.306188
00000594 148 160 -0.366502
00000594 132 380 -0.370666
00000594 973 270 -0.4232
00000594 320 260 -0.474991
00000594 758 320 -0.475196
00000594 794 234 -0.48771
00000594 290 334 -0.604269
00000594 321 64 -0.623245
00000594 251 24 -0.630975
00000594 457 408 -0.684591
00000594 248 337 -0.697334
00000594 428 334 -0.733151
00000594 93 925 -0.759625
00000594 548 580 -0.764701
00000594 100 211 -0.774881
00000594 184 216 -0.821871
00000594 317 1001 -0.842668
00000594 298 509 -0.878177
00000594 44 526 -0.885093
00000594 450 857 -0.893594
00000594 438 438 -0.900133
00000594 142 554 -0.97022
00000594 548 860 -0.98282
00000594 1004 546 -1.01165
00000594 210 68 -1.03016
00000594 878 192 -1.03375
00000594 444 696 -1.03571
00000604 4 576 0.507809
00000604 403 773 0.501951
00000604 5 379 0.270776
00000604 152 700 -0.346195
00000604 330 694 -0.366734
00000604 152 792 -0.369011
00000604 285 714 -0.446778
00000604 372 477 -0.678206
00000604 270 690 -0.766492
00000604 246 763 -0.841846
00000604 103 684 -0.885403
00000604 308 896 -0.887851
00000604 353 344 -0.954878
00000615 592 924 1.24288
00000615 960 284 1.10112
00000615 604 994 0.65132
00000615 287 943 0.645159
00000615 767 180 0.546805
00000615 998 681 0.26455
00000615 908 292 -0.0753068
00000615 901 182 -0.118944
00000615 840 574 -0.133021
00000615 142 854 -0.150878
00000615 793 535 -0.188739
00000615 692 312 -0.191823
00000615 231 812 -0.314486
00000615 342 681 -0.339016
00000615 840 500 -0.399314
00000615 655 758 -0.420599
00000615 681 227 -0.433494
00000615 652 728 -0.494291
00000615 763 278 -0.602387
00000615 107 960 -0.626234
00000615 492 816 -0.634503
00000615 636 612 -0.650942
00000615 600 518 -0.654227
00000615 595 374 -0.664785
00000615 785 569 -0.681401
00000615 578 1003 -0.682673
00000615 552 660 -0.741335
00000615 786 232 -0.780028
00000615 644 644 -0.858491
00000615 891 512 -0.906399
00000615 748 261 -0.915406
00000615 887 647 -0.939507
00000615 951 657 -0.964219
00000615 4 188 -0.977398
00000615 640 572 -0.984661
00000615 428 832 -1.03368
00000615 788 336 -1.03929
00000615 720 278 -1.04617
00000638 923 427 0.73555
00000638 767 500 0.220241
00000638 723 379 0.0632263
00000638 902 327 -0.35934
00000638 901 448 -0.690389
00000638 818 505 -0.803308
00000638 986 570 -0.825811
00000638 693 344 -0.96958
00000645 723 24 0.8898
00000645 629 82 -0.664048
00000645 546 87 -0.868693
00000645 448 258 -0.914999
00000645 930 853 -0.920992
00000645 904 72 -0.940902
00000696 804 64 0.557098
00000696 692 404 -0.241725
00000696 700 156 -0.516484
00000696 690 887 -0.574603
00000696 482 730 -0.599343
00000696 484 561 -0.678949
00000696 484 887 -0.773806
00000696 692 240 -0.800295
00000696 484 484 -0.813122
00000696 693 317 -0.816583
00000696 4 83 -0.817252
00000696 484 812 -0.89244
00000696 690 810 -0.908086
00000696 484 973 -0.914675
00000696 484 648 -0.938934
00000696 694 566 -0.945732
00000696 484 232 -0.95172
00000696 596 208 -1.00228
00000696 491 160 -1.04621
00000696 690 647 -1.04784
00000696 692 732 -1.04944
00000699 13 509 -0.186096
00000699 347 244 -0.285045
00000699 93 201 -0.286141
00000699 93 251 -0.407788
00000699 201 394 -0.51807
00000699 34 93 -0.55164
00000699 900 36 -0.603551
00000699 28 80 -0.603892
00000699 460 324 -0.608805
00000699 476 728 -0.664884
00000699 810 72 -0.682909
00000699 195 15 -0.685722
00000699 860 4 -0.732351
00000699 764 84 -0.762085
00000699 580 156 -0.781005
00000699 38 321 -0.801906
00000699 164 408 -0.804627
00000699 750 218 -0.846297
00000699 546 457 -0.855914
00000699 307 307 -0.898568
00000699 124 335 -0.911797
00000699 235 437 -0.928362
00000699 172 320 -0.944647
00000699 64 443 -0.950098
00000699 844 144 -1.00684
00000699 36 372 -1.02409
00000699 690 201 -1.04188
00000704 584 612 1.49991
00000704 557 467 0.955594
00000704 584 852 0.701748
00000704 690 844 -0.436821
00000704 192 968 -0.586015
00000704 981 741 -0.721446
00000712 512 764 1.57128
00000712 300 4 -0.591301
00000712 661 813 -0.666253
00000712 707 748 -0.717897
00000712 342 4 -0.740693
00000726 964 1003 1.30302
00000726 337 343 0.823421
00000726 760 4 0.625824
00000726 14 310 0.170772
00000726 477 326 0.154331
00000726 408 512 0.0841826
00000726 264 156 -0.415022
00000726 13 160 -0.419733
00000726 546 502 -0.462956
00000726 141 158 -0.531117
00000726 670 496 -0.533448
00000726 321 252 -0.676775
00000726 271 307 -0.702624
00000726 708 760 -0.736613
00000726 433 290 -0.757496
00000726 427 538 -0.790403
00000726 12 4 -0.836622
00000726 518 180 -0.840347
00000726 4 296 -0.860505
00000726 388 516 -0.948469
00000726 260 379 -0.951398
00000726 108 612 -0.963402
00000726 290 398 -1.01048
00000726 707 497 -1.02114
00000726 475 158 -1.03089
00000727 408 221 0.256016
00000727 853 162 0.00306618
00000727 38 913 -0.0743125
00000727 828 274 -0.372605
00000727 221 979 -0.488345
00000727 644 668 -0.55351
00000727 237 538 -0.579747
00000727 218 956 -0.633697
00000727 681 930 -0.644177
00000727 1016 780 -0.652609
00000727 832 246 -0.658842
00000727 100 691 -0.672608
00000727 424 340 -0.688385
00000727 340 228 -0.744509
00000727 196 692 -0.805915
00000727 195 701 -0.840839
00000727 738 807 -0.902511
00000727 59 748 -0.904472
00000727 652 904 -0.959399
00000727 344 241 -0.99545
00000727 36 980 -1.01105
00000727 415 98 -1.01272
00000727 901 531 -1.04232
00000748 509 551 1.9881
00000748 58 765 -0.891235
00000748 475 788 -0.974301
00000748 680 670 -1.03414
00000769 50 183 1.67122
00000769 849 514 0.817521
00000769 661 473 0.737891
00000769 852 488 0.647294
00000769 659 110 0.369586
00000769 836 141 0.0281632
00000769 645 172 0.0212426
00000769 644 4 -0.0334844
00000769 833 258 -0.111541
00000769 836 500 -0.426985
00000769 604 376 -0.433476
00000769 168 58 -0.457501
00000769 64 418 -0.561318
00000769 44 64 -0.647735
00000769 132 182 -0.660073
00000769 764 444 -0.688397
00000769 588 916 -0.778535
00000769 670 4 -0.887836
00000769 604 102 -0.949925
00000769 585 630 -0.952454
00000769 657 344 -0.96112
00000769 868 332 -0.984819
00000771 880 244 1.47706
00000771 585 131 -0.00387149
00000771 575 865 -0.373613
00000771 673 814 -0.672646
00000771 908 788 -0.705776
00000771 750 557 -0.863035
00000771 588 1004 -0.895074
00000771 635 172 -0.920738
00000771 944 928 -0.934067
00000771 292 68 -0.954209
00000771 692 764 -1.02516
00000771 724 676 -1.04152
00000775 544 733 0.0694596
00000775 901 970 -0.0174435
00000775 796 248 -0.205363
00000775 574 81 -0.343447
00000775 298 243 -0.438443
00000775 358 794 -0.503567
00000775 670 258 -0.547628
00000775 831 776 -0.573208
00000775 781 831 -0.589002
00000775 780 878 -0.617694
00000775 528 500 -0.736703
00000775 844 240 -0.78039
00000775 564 932 -0.817917
00000775 812 524 -0.823354
00000775 604 532 -0.863757
00000775 878 913 -0.890906
00000775 992 831 -0.927385
00000775 764 380 -0.927628
00000775 973 998 -1.02143
00000775 804 390 -1.02892
00000775 536 868 -1.03001
00000850 712 52 1.65491
00000850 684 29 0.783112
00000850 767 360 0.360698
00000850 908 264 0.118688
00000850 934 791 -0.174829
00000850 951 611 -0.220392
00000850 140 288 -0.441069
00000850 877 206 -0.619811
00000850 379 152 -0.714106
00000850 828 569 -0.743467
00000850 951 399 -0.77058
00000850 519 64 -0.803482
00000850 227 291 -0.854741
00000850 723 103 -0.899782
00000850 786 358 -0.914671
00000850 692 232 -0.984497
00000850 973 227 -1.04414
00000852 225 234 0.387698
00000852 188 436 0.23551
00000852 317 215 -0.317266
00000852 260 220 -0.446612
00000852 212 104 -0.482119
00000852 292 188 -0.578799
00000852 4 64 -0.664135
00000852 131 274 -0.812972
00000852 13 13 -0.817664
00000852 4 158 -0.883814
00000852 103 300 -0.901143
00000852 228 404 -0.971694
00000852 34 497 -0.99659
00000863 260 248 0.880734
00000863 52 72 -0.220454
00000863 652 296 -0.302255
00000863 107 403 -0.349356
00000863 508 4 -0.432045
00000863 775 300 -0.565001
00000863 649 533 -0.615314
00000863 620 4 -0.631442
00000863 30 630 -0.656234
00000863 997 110 -0.666568
00000863 956 107 -0.689717
00000863 132 317 -0.774121
00000863 615 167 -0.788871
00000863 849 216 -0.803729
00000863 524 500 -0.860727
00000863 987 32 -0.898769
00000863 693 22 -0.899133
00000863 516 468 -0.929045
00000863 64 604 -0.946288
00000863 452 364 -0.970548
00000863 369 339 -0.991912
00000863 124 87 -1.00137
00000863 406 100 -1.01045
00000863 237 153 -1.03734
00000875 251 472 0.89792
00000875 454 362 0.660841
00000875 730 248 0.162581
00000875 896 488 0.147418
00000875 876 136 -0.08749
00000875 763 305 -0.202577
00000875 332 992 -0.247796
00000875 733 561 -0.250999
00000875 784 407 -0.41657
00000875 578 64 -0.45008
00000875 356 960 -0.562711
00000875 206 974 -0.593603
00000875 160 781 -0.610344
00000875 500 140 -0.662632
00000875 89 791 -0.706822
00000875 516 184 -0.729923
00000875 131 749 -0.761848
00000875 615 935 -0.773288
00000875 310 684 -0.806218
00000875 870 153 -0.842913
00000875 592 882 -0.85557
00000875 782 344 -0.899989
00000875 601 326 -0.911041
00000875 812 540 -0.916084
00000875 372 651 -0.920085
00000875 756 872 -0.921991
00000875 956 484 -0.935335
00000875 507 822 -0.941575
00000875 58 664 -0.944483
00000875 36 768 -0.964893
00000875 708 256 -0.984051
00000875 818 947 -0.986852
00000875 902 158 -1.00355
00000875 307 997 -1.00826
00000875 940 625 -1.02948
00000875 292 716 -1.04887
00000895 47 831 1.89935
00000895 59 505 0.158465
00000895 408 708 0.0400417
00000895 754 886 -0.442279
00000895 395 448 -0.481039
00000895 381 569 -0.488962
00000895 5 907 -0.491343
00000895 818 741 -0.607266
00000895 501 205 -0.625546
00000895 404 604 -0.634699
00000895 428 252 -0.705241
00000895 501 493 -0.760163
00000895 560 868 -0.773323
00000895 786 575 -0.782113
00000895 100 464 -0.815538
00000895 167 574 -0.824921
00000895 860 372 -0.869037
00000895 348 612 -0.870193
00000895 404 432 -0.875407
00000895 877 748 -0.898442
00000895 1008 79 -0.899528
00000895 377 767 -0.907
00000895 153 459 -0.935376
00000895 781 702 -0.962247
00000895 644 24 -0.968587
00000895 812 851 -0.974243
00000895 364 508 -0.984431
00000895 438 797 -1.00426
00000895 412 812 -1.0209
00000895 338 467 -1.03185
00000895 604 1011 -1.03373
00000895 21 938 -1.03661
00000945 343 406 1.2599
00000945 24 792 -0.136124
00000945 326 427 -0.840937
00000945 225 813 -0.965505
00000963 42 458 0.680546
00000963 772 868 0.11459
00000963 241 891 -0.540415
00000963 30 595 -0.667721
00000963 64 472 -0.700688
00000963 32 611 -1.0053
00000964 891 964 1.32532
00000964 427 321 -0.410354
00000964 572 516 -0.960215
00000967 851 24 1.65191
00000976 596 160 0.966767
00000976 844 330 0.649682
00000976 773 300 0.493546
00000976 721 326 0.332163
00000976 723 52 0.330358
00000976 851 241 0.326084
00000976 801 304 -0.0645941
00000976 475 158 -0.338784
00000976 692 184 -0.558791
00000976 638 174 -0.686321
00000976 750 330 -0.776596
00000976 801 252 -0.803566
00000976 836 236 -0.934934
00000976 707 252 -0.994152
00000976 450 132 -1.02568
00000983 290 854 0.732696
00000986 990 17 -0.0634243
00000986 684 276 -0.25325
00000986 30 227 -0.26931
00000986 691 126 -0.360515
00000986 930 433 -0.492034
00000986 691 290 -0.650935
00000986 764 140 -0.688382
00000986 970 221 -0.763905
00000986 317 493 -0.855978
00000986 68 544 -0.896673
00000986 828 522 -0.930352
00000986 58 205 -0.957188
00000986 4 93 -0.958657
00000986 975 300 -0.964158
00000986 973 4 -0.965207
00000986 321 488 -0.97165
00000986 4 14 -0.975886
00000986 467 630 -0.982066
00000986 767 160 -0.986268
00000986 537 234 -0.987671
00000986 989 507 -1.00155
00000986 248 89 -1.00408
00000986 13 188 -1.01655
00000986 999 546 -1.03193
00000992 162 827 -0.221974
00000992 204 932 -0.646135
00000992 140 840 -0.668789
00000992 4 179 -0.789256
00001007 600 750 0.572784
00001007 647 739 0.346148
00001007 636 732 -0.744005
00001007 666 73 -0.799925
00001007 670 416 -0.946159
00001007 612 754 -0.971674
00001007 628 792 -0.983696
00001007 836 36 -0.987497
00001007 381 793 -0.989189
00001007 192 12 -1.01885
00001023 32 317 0.411298
00001023 896 180 -0.46658
00001023 444 676 -0.556681
00001023 537 882 -0.607645
00001023 692 464 -0.742332
00001023 270 175 -0.766231
00001023 802 339 -0.791736
00001023 317 482 -0.816551
00001023 428 656 -0.830667
00001023 868 476 -0.860547
00001023 652 532 -0.901902
00001023 480 723 -0.926396
00001023 141 85 -0.929968
00001023 353 543 -0.93634
00001023 938 570 -0.975827
00001023 225 188 -1.00992
00001025 753 320 0.724891
00001025 724 340 0.551791
00001025 595 364 0.363364
00001025 441 518 -0.0884608
00001025 693 229 -0.134815
00001025 674 310 -0.423383
00001025 424 613 -0.74713
00001025 546 93 -0.854832
00001025 775 274 -0.879987
00001025 445 464 -0.923361
00001025 441 546 -1.00982
00001050 924 648 0.345454
00001050 388 268 -0.981666
00001057 812 996 1.29762
00001057 684 628 -0.0814197
00001057 796 988 -0.75141
00001066 575 575 1.11497
00001066 102 801 0.0849837
00001066 566 645 0.0491745
00001066 508 796 -0.0590354
00001066 556 844 -0.0991454
00001066 891 849 -0.463089
00001066 630 844 -0.466952
00001066 114 684 -0.510318
00001066 469 680 -0.533957
00001066 670 754 -0.638603
00001066 611 794 -0.650041
00001066 902 833 -0.683248
00001066 4 700 -0.683369
00001066 932 732 -0.71542
00001066 564 572 -0.723728
00001066 234 790 -0.733042
00001066 896 810 -0.762937
00001066 896 828 -0.845182
00001066 758 750 -0.866923
00001066 103 585 -0.869636
00001066 810 857 -0.889838
00001066 225 794 -0.891561
00001066 1008 244 -0.900641
00001066 4 664 -0.903163
00001066 861 754 -0.938028
00001066 83 733 -0.971937
00001066 575 738 -1.04285
00001066 38 604 -1.04881
00001073 878 561 1.11505
00001073 634 141 -0.288133
00001073 861 587 -0.393352
00001073 638 59 -0.39641
00001073 860 324 -0.473281
00001073 460 164 -0.512826
00001073 881 320 -0.513314
00001073 870 406 -0.71136
00001073 116 5 -0.799356
00001073 979 88 -0.887333
00001073 840 872 -0.938878
00001073 108 4 -0.995367
00001073 684 507 -1.0112
00001096 428 300 0.874224
00001096 532 340 -1.03901
00001100 132 570 2.32824
00001100 395 195 2.14377
00001100 500 105 0.796805
00001100 310 349 0.599437
00001100 546 657 0.213502
00001100 956 218 -0.476506
00001100 750 673 -0.484459
00001100 941 399 -0.589844
00001100 932 292 -0.851975
00001100 508 528 -0.889806
00001100 482 684 -0.949681
00001100 556 692 -1.03847
00001104 884 396 -0.000868787
00001104 767 739 -0.268109
00001104 801 733 -0.857424
00001104 904 415 -0.875345
00001104 659 601 -0.987712
00001104 844 780 -1.02301
00001104 822 358 -1.02929
00001132 514 150 0.0274151
00001132 476 940 -0.448605
00001137 261 673 0.3895
00001137 227 673 0.202864
00001137 604 673 0.184646
00001137 4 951 -0.203088
00001137 295 673 -0.303809
00001137 636 672 -0.412014
00001137 124 856 -0.458483
00001137 572 676 -0.518737
00001137 580 856 -0.5298
00001137 212 472 -0.57079
00001137 4 473 -0.810478
00001137 89 955 -0.817401
00001137 636 848 -0.859727
00001137 768 526 -0.862384
00001137 732 588 -0.926039
00001137 891 581 -0.930441
00001137 218 844 -0.949895
00001137 670 670 -0.956241
00001137 771 587 -0.96004
00001137 853 643 -1.01114
00001137 192 673 -1.01252
00001137 310 472 -1.02363
00001137 332 664 -1.02744
00001137 348 856 -1.03198
00001137 32 859 -1.04403
00001162 628 902 -0.0819054
00001162 243 638 -0.168521
00001162 768 788 -0.23367
00001162 702 978 -0.699394
00001162 114 813 -0.731528
00001162 406 828 -0.747488
00001162 807 554 -0.918381
00001164 79 26 0.0422245
00001164 5 5 -0.234001
00001164 52 332 -0.24536
00001164 96 78 -0.575467
00001164 105 321 -0.619373
00001164 4 312 -0.845414
00001164 140 68 -0.865726
00001164 148 344 -0.867607
00001164 36 326 -0.998706
00001175 974 721 1.46778
00001175 948 708 0.662593
00001175 965 701 -0.61973
00001177 844 857 2.44613
00001177 987 983 -0.600692
00001177 655 638 -0.682988
00001177 960 900 -0.84354
00001177 708 796 -0.966671
00001177 162 458 -0.977427
00001177 693 519 -1.02639
00001182 476 892 0.625633
00001182 412 4 -0.454142
00001182 468 36 -0.605901
00001182 379 723 -0.743313
00001182 364 972 -0.825533
00001184 126 237 0.0938156
00001184 316 108 -0.277804
00001184 68 401 -0.683433
00001184 222 312 -0.840999
00001184 32 339 -0.994025
00001184 132 210 -1.01291
00001189 615 472 1.94344
00001189 676 416 0.0565802
00001189 611 381 -0.649239
00001189 714 462 -0.981485
00001189 997 381 -0.997789
00001192 20 164 0.884966
00001192 564 692 -0.344984
00001192 52 148 -0.761674
00001192 716 848 -0.845412
00001192 36 128 -1.02791
00001194 977 72 0.367256
00001194 1008 58 0.0806255
00001194 923 335 -0.421957
00001194 988 88 -0.499144
00001194 916 596 -0.751858
00001194 876 324 -0.783123
00001194 792 108 -1.00466
00001194 980 748 -1.01776
00001200 868 96 0.238086
00001200 948 204 -0.098952
00001200 941 27 -0.53304
00001200 908 68 -0.972958
00001200 21 793 -1.04847
00001202 604 531 0.83217
00001202 511 337 0.00284355
00001202 596 620 -0.560176
00001202 300 540 -0.706091
00001202 553 570 -0.917664
00001202 492 332 -0.92991
00001202 248 420 -0.932606
00001202 248 655 -0.948444
00001202 585 670 -0.999214
00001214 896 501 -0.192828
00001214 913 733 -0.244727
00001214 532 601 -0.342399
00001214 763 418 -0.346816
00001214 570 64 -0.52574
00001214 792 457 -0.547981
00001214 580 692 -0.672612
00001214 674 280 -0.713265
00001214 820 460 -0.716009
00001214 659 606 -0.732879
00001214 932 444 -0.749826
00001214 553 673 -0.752545
00001214 508 692 -0.778729
00001214 762 454 -0.783947
00001214 468 652 -0.849265
00001214 886 546 -0.855395
00001214 556 260 -1.04338
00001217 763 827 0.956678
00001217 756 816 -0.932056
00001222 621 355 2.24412
00001222 206 50 1.33847
00001222 188 44 -0.753662
00001222 356 28 -0.8579
00001222 507 270 -0.891949
00001222 600 92 -0.906741
00001222 416 448 -0.91018
00001222 396 148 -0.954287
00001222 477 152 -0.994138
00001222 681 167 -1.03909
00001230 944 58 -0.325122
00001230 839 364 -0.342793
00001230 4 700 -0.680218
00001230 955 105 -0.727312
00001230 876 64 -0.80063
00001254 656 932 0.94157
00001254 493 964 -0.633678
00001254 496 908 -0.718909
00001254 347 81 -0.743634
00001254 335 831 -0.753705
00001254 390 201 -0.75433
00001254 990 295 -0.78278
00001254 526 920 -0.883229
00001254 767 801 -0.929063
00001254 615 4 -0.970382
00001254 527 810 -0.994046
00001254 561 595 -1.00849
00001260 303 822 0.516898
00001260 4 932 -0.255103
00001260 992 180 -0.381416
00001260 482 445 -0.487571
00001260 285 329 -0.597862
00001260 78 427 -0.656412
00001260 938 570 -0.889258
00001260 836 866 -0.903513
00001260 270 330 -0.956813
00001260 555 900 -0.959793
00001260 321 917 -0.998439
00001262 326 739 1.85447
00001262 716 516 1.16724
00001262 728 870 1.02409
00001262 684 234 0.409507
00001262 970 384 0.393212
00001262 900 260 0.141881
00001262 716 601 0.132998
00001262 964 372 -0.128127
00001262 676 116 -0.16674
00001262 758 251 -0.262296
00001262 992 575 -0.320722
00001262 196 348 -0.337379
00001262 807 332 -0.386526
00001262 690 364 -0.404755
00001262 940 526 -0.433321
00001262 172 517 -0.494274
00001262 680 404 -0.514414
00001262 427 895 -0.538623
00001262 881 353 -0.551789
00001262 990 561 -0.567448
00001262 756 236 -0.666631
00001262 458 930 -0.675332
00001262 908 660 -0.683939
00001262 4 540 -0.749344
00001262 684 396 -0.791991
00001262 395 379 -0.844309
00001262 799 519 -0.86287
00001262 924 484 -0.871262
00001262 674 871 -0.876347
00001262 740 668 -0.901004
00001262 870 244 -0.902895
00001262 738 881 -0.966741
00001262 54 536 -0.967122
00001262 802 566 -0.973633
00001262 675 307 -1.01779
00001262 780 900 -1.0245
00001262 800 316 -1.0316
00001262 546 179 -1.0317
00001262 733 818 -1.04668
