00000032 306 638 0.601087
00000032 79 723 0.366038
00000032 324 340 -0.231524
00000032 28 28 -1.02077
00000051 463 47 1.17276
00000051 836 684 0.998535
00000051 364 913 0.743145
00000051 992 316 0.673388
00000051 100 56 0.33297
00000051 973 548 -0.110586
00000051 487 901 -0.117597
00000051 30 866 -0.16274
00000051 359 325 -0.188122
00000051 147 881 -0.196826
00000051 844 570 -0.219574
00000051 544 613 -0.249538
00000051 477 930 -0.286974
00000051 657 606 -0.299259
00000051 364 565 -0.435833
00000051 404 972 -0.458256
00000051 332 300 -0.458443
00000051 450 844 -0.489201
00000051 628 620 -0.50732
00000051 321 902 -0.529976
00000051 4 22 -0.536413
00000051 192 450 -0.588678
00000051 666 128 -0.590173
00000051 28 832 -0.600856
00000051 188 932 -0.622345
00000051 510 625 -0.67486
00000051 572 1008 -0.685822
00000051 460 736 -0.725024
00000051 716 952 -0.731024
00000051 951 404 -0.734791
00000051 475 287 -0.758199
00000051 981 836 -0.775372
00000051 900 796 -0.808347
00000051 204 4 -0.812646
00000051 142 955 -0.817002
00000051 712 569 -0.823401
00000051 595 981 -0.842193
00000051 20 732 -0.87792
00000051 748 260 -0.884753
00000051 438 680 -0.906696
00000051 19 310 -0.918043
00000051 721 725 -0.938096
00000051 908 368 -0.94967
00000051 997 944 -0.956227
00000051 690 793 -0.976668
00000051 564 934 -0.977048
00000051 812 224 -0.980849
00000051 748 120 -1.00703
00000051 348 920 -1.02296
00000051 158 839 -1.04342
00000053 168 860 1.25522
00000053 934 655 1.21734
00000053 196 48 1.05121
00000053 928 596 0.83307
00000053 752 604 0.308761
00000053 596 52 0.176399
00000053 332 708 -0.4013
00000053 924 588 -0.518939
00000053 137 715 -0.599035
00000053 445 114 -0.667376
00000053 300 492 -0.898063
00000053 604 604 -0.949253
00000053 493 4 -1.01326
00000054 104 452 0.224285
00000054 211 457 -0.3161
00000054 964 338 -0.422305
00000054 192 68 -0.517244
00000054 113 497 -0.773768
00000054 156 716 -0.786779
00000054 686 290 -0.786993
00000054 142 473 -0.803859
00000054 113 556 -0.824334
00000054 132 613 -0.879035
00000054 121 680 -0.982432
00000054 98 330 -1.02176
00000054 103 369 -1.03469
00000054 681 278 -1.04127
00000054 636 548 -1.04827
00000057 418 436 0.980835
00000057 635 379 0.648094
00000057 601 620 0.429303
00000057 765 543 0.226966
00000057 565 124 0.131782
00000057 684 84 0.114355
00000057 87 578 0.06801
00000057 123 211 -0.1188
00000057 412 428 -0.189334
00000057 876 548 -0.237956
00000057 108 384 -0.251728
00000057 668 700 -0.288465
00000057 522 79 -0.406255
00000057 258 5 -0.468176
00000057 290 211 -0.555197
00000057 175 767 -0.623341
00000057 108 260 -0.643948
00000057 188 356 -0.653467
00000057 420 4 -0.660102
00000057 693 96 -0.684233
00000057 595 64 -0.684782
00000057 908 460 -0.701215
00000057 124 324 -0.715888
00000057 473 464 -0.749712
00000057 743 822 -0.756548
00000057 638 121 -0.757358
00000057 14 182 -0.760367
00000057 493 291 -0.817515
00000057 628 68 -0.817966
00000057 484 488 -0.821622
00000057 730 491 -0.82734
00000057 195 184 -0.835134
00000057 574 491 -0.840373
00000057 561 921 -0.843845
00000057 587 840 -0.8577
00000057 226 290 -0.863539
00000057 20 156 -0.865103
00000057 212 468 -0.882205
00000057 615 236 -0.898395
00000057 580 872 -0.926349
00000057 140 428 -0.926808
00000057 546 68 -0.931384
00000057 475 287 -0.970017
00000057 647 330 -0.974675
00000057 131 332 -0.985607
00000057 107 527 -0.996255
00000057 930 141 -1.00241
00000057 796 26 -1.00628
00000057 1004 648 -1.01339
00000057 535 154 -1.01661
00000057 211 93 -1.02602
00000057 353 886 -1.02997
00000057 938 784 -1.0418
00000057 628 380 -1.04628
00000057 690 707 -1.04911
00000067 132 47 0.356828
00000067 412 436 -0.875696
00000067 947 72 -1.01342
00000079 424 868 0.757516
00000079 177 83 0.607282
00000079 153 569 -0.149539
00000079 295 780 -0.436521
00000079 432 839 -0.479993
00000079 212 404 -0.570925
00000079 84 196 -0.887926
00000079 4 790 -0.972984
00000079 150 38 -0.996298
00000081 349 551 2.00286
00000081 860 60 1.30292
00000081 38 317 1.2357
00000081 84 964 0.865013
00000081 921 90 0.698442
00000081 280 693 0.60119
00000081 98 715 0.241535
00000081 666 211 0.238712
00000081 21 501 0.18042
00000081 818 535 -0.044115
00000081 300 1008 -0.0462952
00000081 30 938 -0.158395
00000081 952 980 -0.160298
00000081 664 334 -0.200651
00000081 330 403 -0.264501
00000081 555 137 -0.287365
00000081 292 828 -0.333336
00000081 684 96 -0.346907
00000081 773 467 -0.37265
00000081 849 459 -0.40832
00000081 47 150 -0.425745
00000081 849 42 -0.438129
00000081 620 368 -0.508367
00000081 645 123 -0.552524
00000081 433 424 -0.577978
00000081 280 330 -0.623117
00000081 226 284 -0.636429
00000081 343 453 -0.656489
00000081 832 54 -0.659486
00000081 932 372 -0.76649
00000081 32 519 -0.767214
00000081 458 878 -0.784631
00000081 775 312 -0.786861
00000081 36 643 -0.790237
00000081 81 81 -0.790933
00000081 900 424 -0.795211
00000081 592 188 -0.807202
00000081 164 444 -0.842969
00000081 298 601 -0.845357
00000081 195 448 -0.845775
00000081 218 557 -0.858784
00000081 353 73 -0.885082
00000081 144 28 -0.909631
00000081 388 108 -0.910793
00000081 576 861 -0.919595
00000081 353 200 -0.921378
00000081 300 380 -0.949375
00000081 204 248 -0.98373
00000081 404 516 -0.993071
00000081 179 689 -1.00504
00000081 951 344 -1.01138
00000081 196 224 -1.02438
00000081 797 54 -1.02468
00000081 34 965 -1.0496
00000092 629 142 1.20001
00000092 532 1004 0.126902
00000092 22 537 -0.273187
00000092 398 943 -0.3382
00000092 30 364 -0.505471
00000092 364 965 -0.507554
00000092 810 4 -0.595648
00000092 554 802 -0.619998
00000092 151 395 -0.708882
00000092 510 570 -0.715647
00000092 548 900 -0.726931
00000092 572 812 -0.870303
00000092 416 949 -0.871675
00000092 733 818 -0.91426
00000092 831 45 -0.964267
00000092 822 78 -0.97966
00000092 248 195 -1.04516
00000102 111 158 0.954222
00000102 432 292 0.735292
00000102 100 986 0.142282
00000102 89 955 -0.210072
00000102 438 311 -0.476119
00000102 553 304 -0.614017
00000102 810 535 -1.03997
00000103 432 36 0.187815
00000103 924 212 -0.22679
00000103 583 574 -0.703138
00000103 132 564 -0.747312
00000103 832 740 -0.806074
00000103 174 47 -0.84665
00000103 192 613 -0.905761
00000103 12 141 -0.989184
00000103 692 652 -0.999537
00000103 592 555 -1.01872
00000103 840 932 -1.04043
00000105 358 335 -0.0381869
00000105 892 436 -0.11199
00000105 372 16 -0.359218
00000105 664 484 -0.568182
00000105 167 308 -0.60737
00000105 902 427 -0.668788
00000105 55 120 -0.733216
00000105 47 145 -0.816613
00000105 123 196 -0.821565
00000105 480 480 -0.841133
00000105 744 723 -0.848098
00000105 356 316 -0.905003
00000105 228 492 -0.956439
00000105 317 87 -0.956698
00000105 330 30 -1.02999
00000106 617 205 0.75783
00000106 771 427 0.756615
00000106 964 624 0.553635
00000106 758 87 0.546007
00000106 836 380 0.0471206
00000106 956 998 -0.395237
00000106 840 396 -0.574792
00000106 723 754 -0.802981
00000106 895 4 -0.855438
00000106 716 112 -0.85653
00000106 976 854 -0.901686
00000106 849 422 -0.910022
00000106 123 103 -0.919835
00000106 715 488 -0.942171
00000106 948 984 -0.954783
00000106 748 712 -0.966106
00000106 744 364 -1.00546
00000106 851 531 -1.03016
00000107 180 172 0.695543
00000107 312 712 0.108122
00000107 16 164 -0.246983
00000107 114 707 -0.475408
00000107 84 172 -0.547924
00000107 320 246 -0.608705
00000107 132 544 -0.615081
00000107 179 448 -0.678141
00000107 32 702 -0.689366
00000107 700 228 -0.785014
00000107 260 546 -0.791394
00000107 49 132 -0.7987
00000107 5 121 -0.89433
00000107 36 668 -0.914451
00000107 89 649 -0.918571
00000107 266 859 -0.932329
00000107 110 163 -0.944299
00000109 284 212 0.494772
00000109 788 220 -0.382094
00000109 802 147 -0.533355
00000109 786 36 -0.582795
00000109 876 612 -0.633785
00000109 970 142 -0.634302
00000109 964 30 -0.693116
00000109 877 137 -0.823104
00000109 243 41 -1.01444
00000117 765 554 -0.00656758
00000117 807 263 -0.0872793
00000117 970 837 -0.115354
00000117 896 668 -0.178619
00000117 617 548 -0.209812
00000117 796 828 -0.242677
00000117 891 121 -0.279987
00000117 596 179 -0.292229
00000117 754 184 -0.295349
00000117 280 41 -0.301852
00000117 564 686 -0.305344
00000117 606 263 -0.312379
00000117 828 343 -0.387752
00000117 502 142 -0.400231
00000117 913 210 -0.416152
00000117 428 546 -0.424451
00000117 839 691 -0.454318
00000117 543 422 -0.458123
00000117 754 343 -0.496508
00000117 448 818 -0.501023
00000117 693 827 -0.507358
00000117 418 418 -0.507393
00000117 575 258 -0.511143
00000117 406 680 -0.511948
00000117 773 689 -0.542082
00000117 374 818 -0.553047
00000117 973 715 -0.55892
00000117 596 823 -0.564098
00000117 374 543 -0.566866
00000117 765 427 -0.568588
00000117 564 548 -0.569232
00000117 638 179 -0.569982
00000117 744 823 -0.574181
00000117 664 260 -0.587504
00000117 659 548 -0.623756
00000117 628 686 -0.624293
00000117 822 551 -0.638166
00000117 511 823 -0.639351
00000117 822 428 -0.655691
00000117 981 424 -0.660387
00000117 522 686 -0.661314
00000117 723 182 -0.68598
00000117 364 680 -0.699802
00000117 454 422 -0.700881
00000117 828 184 -0.707338
00000117 964 544 -0.7215
00000117 649 343 -0.733935
00000117 480 680 -0.734739
00000117 295 124 -0.738133
00000117 638 823 -0.741714
00000117 1004 548 -0.742237
00000117 723 265 -0.74613
00000117 374 416 -0.753441
00000117 649 422 -0.770286
00000117 870 184 -0.770353
00000117 638 100 -0.775676
00000117 712 343 -0.776111
00000117 782 103 -0.78582
00000117 308 256 -0.79721
00000117 320 388 -0.800743
00000117 981 47 -0.810844
00000117 556 822 -0.815565
00000117 870 105 -0.823101
00000117 733 690 -0.826121
00000117 743 546 -0.826297
00000117 839 828 -0.83669
00000117 691 427 -0.847215
00000117 955 151 -0.849775
00000117 467 546 -0.85241
00000117 458 325 -0.856679
00000117 956 268 -0.866581
00000117 684 689 -0.87265
00000117 912 260 -0.880577
00000117 972 664 -0.887043
00000117 501 548 -0.935795
00000117 540 264 -0.942897
00000117 860 348 -0.94427
00000117 767 266 -0.944306
00000117 491 822 -0.951223
00000117 956 496 -0.952214
00000117 381 261 -0.953441
00000117 364 332 -0.970868
00000117 418 817 -0.976288
00000117 596 100 -0.984014
00000117 978 601 -0.999558
00000117 732 828 -1.0034
00000117 702 261 -1.00766
00000117 601 335 -1.00956
00000117 684 182 -1.01045
00000117 501 422 -1.01665
00000117 938 715 -1.02063
00000117 335 817 -1.02326
00000117 842 103 -1.04162
00000117 741 583 -1.04222
00000123 220 693 1.28178
00000123 584 924 1.21573
00000123 32 956 1.11888
00000123 404 822 0.506418
00000123 677 990 0.262837
00000123 480 948 0.0521378
00000123 484 924 -0.521503
00000123 380 912 -0.5586
00000123 548 940 -0.770604
00000123 724 812 -0.789598
00000123 32 924 -0.821367
00000123 364 775 -0.86715
00000123 613 956 -0.90278
00000123 666 969 -0.915529
00000123 420 764 -0.938784
00000123 635 861 -0.998183
00000123 416 902 -0.998692
00000123 158 801 -1.03987
00000129 670 844 1.20481
00000129 733 806 0.622253
00000129 775 844 0.134682
00000129 660 852 -0.0699085
00000129 708 820 -0.167355
00000129 500 756 -0.407549
00000129 78 289 -0.858005
00000135 151 353 0.524168
00000135 156 204 0.119448
00000135 443 4 0.100609
00000135 344 4 0.0316085
00000135 305 359 -0.0409561
00000135 140 396 -0.0414662
00000135 339 566 -0.309273
00000135 527 677 -0.361591
00000135 398 448 -0.471135
00000135 372 560 -0.474302
00000135 98 871 -0.55795
00000135 128 772 -0.60784
00000135 4 930 -0.613924
00000135 450 930 -0.636387
00000135 164 152 -0.662738
00000135 151 969 -0.665759
00000135 156 384 -0.671341
00000135 381 510 -0.681993
00000135 188 886 -0.68577
00000135 364 388 -0.686896
00000135 332 395 -0.691952
00000135 330 519 -0.74647
00000135 516 628 -0.74653
00000135 34 989 -0.772095
00000135 4 996 -0.775226
00000135 156 524 -0.828798
00000135 369 773 -0.83449
00000135 395 575 -0.86212
00000135 433 896 -0.881124
00000135 158 424 -0.900583
00000135 997 399 -0.954358
00000135 332 512 -0.957654
00000135 413 497 -0.959773
00000135 698 595 -0.999684
00000135 175 458 -1.01754
00000135 756 984 -1.04355
00000135 348 36 -1.04989
00000137 629 969 0.755293
00000137 620 268 0.666631
00000137 21 150 0.460019
00000137 689 895 0.138727
00000137 596 940 -0.121618
00000137 684 831 -0.225874
00000137 611 804 -0.23066
00000137 684 876 -0.378343
00000137 613 30 -0.386012
00000137 507 901 -0.520086
00000137 572 108 -0.642001
00000137 588 564 -0.717594
00000137 732 636 -0.731156
00000137 595 44 -0.76501
00000137 304 968 -0.804998
00000137 438 881 -0.825176
00000137 638 121 -0.85556
00000137 601 781 -0.883512
00000137 647 951 -0.904499
00000137 608 578 -0.910441
00000137 657 505 -0.919015
00000137 543 944 -0.967217
00000137 611 68 -0.976153
00000137 740 780 -1.00727
00000146 536 910 3.01492
00000146 475 857 2.11512
00000146 492 924 1.92362
00000146 433 797 1.59672
00000146 244 808 0.841428
00000146 990 321 -0.00415666
00000146 501 235 -0.307678
00000146 704 39 -0.402448
00000146 804 452 -0.502468
00000146 941 849 -0.543012
00000146 284 476 -0.626178
00000146 979 364 -0.697745
00000146 372 981 -0.822725
00000146 124 407 -0.838077
00000146 564 1000 -0.863303
00000146 724 752 -0.869352
00000146 775 763 -0.882617
00000146 261 60 -0.886611
00000146 124 740 -0.908293
00000146 812 443 -0.950354
00000146 501 535 -0.958866
00000146 923 754 -0.989856
00000146 655 493 -1.03915
00000159 836 640 0.243751
00000159 932 424 -0.396345
00000159 822 629 -0.837989
00000159 372 636 -0.869688
00000159 758 527 -0.886832
00000159 487 54 -0.970494
00000159 844 505 -0.978996
00000178 443 83 1.18403
00000178 836 356 0.813558
00000178 501 749 0.499633
00000178 765 15 -0.247025
00000178 973 866 -0.277556
00000178 655 458 -0.494398
00000178 804 772 -0.583949
00000178 758 90 -0.58871
00000178 572 380 -0.663679
00000178 979 349 -0.710075
00000178 612 4 -0.744845
00000178 876 812 -0.778689
00000178 930 887 -0.786214
00000178 724 436 -0.823426
00000178 638 617 -0.838835
00000178 374 374 -0.848288
00000178 374 5 -0.876113
00000178 810 844 -0.876497
00000178 767 399 -0.928791
00000178 686 5 -0.930666
00000178 640 103 -0.935598
00000178 606 89 -0.945296
00000178 555 110 -0.951626
00000178 553 861 -0.964103
00000178 997 142 -0.964632
00000178 379 753 -0.974457
00000178 655 85 -0.981739
00000178 767 785 -1.01228
00000178 484 752 -1.01939
00000178 916 908 -1.0414
00000178 492 340 -1.04776
00000181 801 651 1.37502
00000181 691 712 0.174199
00000181 12 956 0.098588
00000181 98 368 -0.046734
00000181 522 585 -0.0589402
00000181 617 673 -0.166933
00000181 818 634 -0.420095
00000181 81 913 -0.439017
00000181 600 723 -0.517379
00000181 225 96 -0.518974
00000181 204 292 -0.579104
00000181 141 244 -0.586517
00000181 78 344 -0.586795
00000181 418 427 -0.643409
00000181 660 444 -0.661539
00000181 76 268 -0.699518
00000181 940 517 -0.764857
00000181 73 970 -0.770078
00000181 180 508 -0.782745
00000181 78 576 -0.784684
00000181 595 437 -0.864386
00000181 271 326 -0.866554
00000181 464 565 -0.896428
00000181 752 252 -0.91826
00000181 252 68 -0.941536
00000181 261 335 -0.941606
00000181 215 197 -0.946489
00000181 420 740 -0.948047
00000181 638 723 -0.957677
00000181 261 225 -0.997552
00000181 767 433 -1.00404
00000181 892 164 -1.03828
00000181 555 891 -1.03853
00000181 535 745 -1.04277
00000198 504 684 0.646063
00000198 464 684 0.612074
00000198 349 630 0.295096
00000198 584 796 0.204372
00000198 542 684 -0.057652
00000198 411 681 -0.0924364
00000198 5 242 -0.652074
00000198 407 947 -0.8151
00000198 364 674 -0.816315
00000198 287 861 -0.816614
00000198 556 827 -0.922484
00000198 4 220 -0.972042
00000208 167 270 0.290753
00000208 4 440 -0.622809
00000208 59 542 -0.892479
00000213 5 628 0.268288
00000213 54 320 -0.599281
00000213 52 986 -0.726361
00000213 54 359 -0.783077
00000213 64 244 -0.955034
00000213 156 353 -0.970375
00000213 21 210 -0.981177
00000216 681 55 0.00878771
00000216 147 41 -0.350448
00000216 113 300 -0.570332
00000216 68 812 -0.591911
00000216 119 592 -0.752486
00000216 347 570 -0.753142
00000216 225 32 -0.845002
00000216 44 396 -0.876656
00000216 179 303 -0.911906
00000216 372 154 -0.993921
00000216 44 140 -0.997175
00000216 108 73 -1.00271
00000216 142 748 -1.01536
00000216 310 379 -1.02139
00000216 98 544 -1.04634
00000235 84 312 1.11856
00000235 801 471 0.574645
00000235 176 388 0.548344
00000235 849 698 0.378077
00000235 828 401 0.349962
00000235 904 767 0.284398
00000235 936 580 0.157544
00000235 1004 852 -0.242936
00000235 270 654 -0.269122
00000235 724 55 -0.388467
00000235 1004 648 -0.500857
00000235 566 674 -0.521414
00000235 767 25 -0.656237
00000235 804 512 -0.689577
00000235 76 924 -0.771041
00000235 308 684 -0.800104
00000235 655 107 -0.856729
00000235 820 404 -0.922317
00000235 741 428 -0.95023
00000235 848 412 -0.960046
00000235 884 740 -0.963931
00000235 105 698 -0.978132
00000235 716 500 -1.0158
00000243 268 108 0.00238143
00000243 749 5 -0.411705
00000243 818 42 -0.566148
00000243 276 84 -0.678909
00000280 270 896 0.234895
00000280 270 574 -0.136494
00000280 656 340 -0.157319
00000280 50 179 -0.202715
00000280 540 596 -0.473669
00000280 304 201 -0.495662
00000280 543 427 -0.534042
00000280 205 142 -0.620929
00000280 700 180 -0.76514
00000280 818 522 -0.772155
00000280 89 796 -0.772267
00000280 201 484 -0.806865
00000280 488 636 -0.844358
00000280 693 344 -0.870302
00000280 836 384 -0.910641
00000280 615 728 -0.911725
00000280 644 692 -0.926664
00000280 564 672 -0.927411
00000280 723 976 -0.931717
00000280 649 701 -0.937508
00000280 308 332 -0.952269
00000280 848 484 -0.955296
00000280 601 500 -0.980225
00000280 76 824 -1.02851
00000280 782 792 -1.03252
00000280 4 352 -1.03631
00000285 837 4 0.453978
00000285 775 248 0.0539487
00000285 782 999 0.0510772
00000285 792 123 -0.123148
00000285 733 320 -0.277195
00000285 767 990 -0.493951
00000285 574 923 -0.969875
00000285 832 615 -0.972282
00000285 868 836 -0.994973
00000286 325 767 1.54025
00000286 360 756 1.47022
00000286 84 760 1.07384
00000286 317 630 0.848718
00000286 124 732 0.823427
00000286 480 818 0.687932
00000286 226 854 0.0952573
00000286 649 992 -0.0449729
00000286 79 522 -0.283293
00000286 103 787 -0.39794
00000286 441 810 -0.442253
00000286 369 615 -0.504825
00000286 303 399 -0.510058
00000286 81 557 -0.528511
00000286 415 698 -0.569087
00000286 64 468 -0.695274
00000286 212 848 -0.703334
00000286 441 651 -0.80389
00000286 72 480 -0.891497
00000286 244 278 -0.952315
00000286 131 311 -0.98923
00000286 358 693 -1.01465
00000294 606 300 0.509554
00000294 269 485 0.31602
00000294 380 488 -0.414317
00000294 98 227 -0.743279
00000294 165 179 -0.746312
00000294 460 468 -0.759887
00000294 226 290 -0.85385
00000294 304 428 -0.906785
00000294 580 536 -0.908751
00000294 605 329 -0.954411
00000294 348 332 -1.04557
00000326 482 398 0.155891
00000326 490 501 -0.0192033
00000326 638 278 -0.347148
00000326 140 204 -0.592626
00000326 218 715 -0.611558
00000326 102 921 -0.793897
00000326 630 347 -0.841113
00000326 124 728 -0.952392
00000326 484 380 -0.966809
00000326 132 379 -0.983279
00000326 136 596 -0.986293
00000326 142 226 -0.990725
00000326 140 116 -1.04588
00000357 137 721 1.52101
00000357 92 248 1.0293
00000357 80 660 0.436296
00000357 32 284 0.0956663
00000357 137 793 -0.0966037
00000357 140 452 -0.178728
00000357 142 406 -0.360459
00000357 141 347 -0.579383
00000357 124 288 -0.83427
00000357 140 308 -0.895103
00000357 100 268 -0.946421
00000357 292 380 -0.994158
00000357 36 476 -1.02436
00000357 141 398 -1.03217
00000396 452 496 1.26446
00000396 148 260 1.06361
00000396 625 423 1.03867
00000396 452 528 1.00501
00000396 492 632 0.742808
00000396 124 244 0.402151
00000396 681 844 0.29992
00000396 535 30 -0.019713
00000396 657 165 -0.0902083
00000396 317 583 -0.134109
00000396 36 348 -0.209249
00000396 647 225 -0.26898
00000396 707 715 -0.353649
00000396 510 728 -0.386475
00000396 673 184 -0.479852
00000396 537 399 -0.480991
00000396 592 119 -0.496734
00000396 700 444 -0.501508
00000396 390 660 -0.514042
00000396 828 712 -0.555875
00000396 578 403 -0.55956
00000396 142 232 -0.605173
00000396 359 979 -0.661994
00000396 652 652 -0.67627
00000396 748 596 -0.677026
00000396 444 472 -0.693845
00000396 564 288 -0.72032
00000396 248 580 -0.723658
00000396 197 454 -0.75469
00000396 773 940 -0.783463
00000396 252 303 -0.859982
00000396 385 448 -0.864958
00000396 184 227 -0.877183
00000396 480 184 -0.897392
00000396 712 31 -0.916717
00000396 840 739 -0.932915
00000396 763 989 -0.958396
00000396 500 914 -0.961675
00000396 684 516 -0.96646
00000396 501 131 -0.974869
00000396 664 635 -0.978764
00000396 715 4 -0.982516
00000396 828 828 -0.984637
00000396 517 280 -0.992308
00000396 312 651 -0.992978
00000396 680 612 -1.00586
00000396 241 132 -1.00929
00000396 24 428 -1.02448
00000396 311 701 -1.02986
00000396 921 30 -1.03239
00000396 611 542 -1.03586
00000396 676 700 -1.04576
00000397 664 351 0.388377
00000397 792 398 0.262819
00000397 476 220 0.0329238
00000397 684 369 -0.358884
00000397 732 556 -0.559723
00000397 611 519 -0.603762
00000397 860 448 -0.648787
00000397 450 4 -0.689568
00000397 733 398 -0.698227
00000397 379 4 -0.703381
00000397 432 236 -0.817753
00000397 480 216 -0.923688
00000397 473 206 -0.941633
00000397 698 535 -0.98587
00000397 612 496 -0.994705
00000416 807 796 1.66313
00000416 964 1004 -0.697551
00000416 810 780 -0.763376
00000431 41 693 2.06884
00000431 415 150 0.986286
00000431 372 32 0.75642
00000431 436 112 0.349837
00000431 210 428 0.341143
00000431 519 298 0.0782274
00000431 492 580 -0.35137
00000431 132 824 -0.40672
00000431 613 544 -0.42302
00000431 956 621 -0.426655
00000431 24 846 -0.528815
00000431 158 81 -0.564447
00000431 68 441 -0.618585
00000431 179 831 -0.642343
00000431 916 612 -0.683241
00000431 493 471 -0.728322
00000431 252 388 -0.739472
00000431 271 854 -0.777715
00000431 60 784 -0.814815
00000431 328 580 -0.831329
00000431 527 90 -0.891544
00000431 68 524 -0.910091
00000431 484 468 -0.938007
00000431 353 68 -0.972642
00000431 450 372 -0.996034
00000431 28 692 -1.04899
00000440 818 913 0.731483
00000440 359 187 0.465803
00000440 996 508 -0.0224904
00000440 415 162 -0.241426
00000440 467 246 -0.246512
00000440 802 901 -0.460531
00000440 812 891 -0.615477
00000440 329 128 -0.616124
00000440 427 36 -0.632066
00000440 164 132 -0.678774
00000440 480 654 -0.722399
00000440 307 179 -0.803058
00000440 390 101 -0.84261
00000440 541 211 -0.878542
00000440 380 128 -0.886607
00000440 964 924 -0.905791
00000440 508 300 -0.911379
00000440 473 55 -0.945319
00000440 234 509 -0.949173
00000440 458 42 -1.03176
00000453 124 330 0.460889
00000453 523 68 0.12601
00000453 315 221 -0.193959
00000453 287 124 -0.437986
00000453 436 96 -0.604943
00000453 339 280 -0.608043
00000453 645 167 -0.662998
00000453 278 252 -0.860149
00000453 107 304 -0.867378
00000453 87 298 -0.891535
00000453 820 48 -0.89801
00000453 298 831 -0.921023
00000453 51 192 -0.926513
00000453 316 204 -0.955434
00000453 276 188 -0.968715
00000453 994 64 -0.980914
00000457 629 721 0.0979446
00000457 684 60 -0.213982
00000457 836 698 -0.335606
00000457 167 310 -0.379664
00000457 280 225 -0.501487
00000457 673 4 -0.682878
00000457 543 543 -0.871385
00000457 868 96 -0.935446
00000457 792 285 -0.951566
00000457 215 289 -1.0159
00000458 237 723 0.104821
00000458 276 1000 -0.317724
00000458 394 878 -0.619247
00000458 501 913 -0.670085
00000458 163 754 -0.670837
00000458 448 965 -0.823108
00000458 348 996 -0.873175
00000458 289 611 -0.936045
00000458 96 702 -0.960962
00000458 802 182 -0.964868
00000458 427 949 -0.964952
00000458 89 543 -1.02944
00000458 108 868 -1.04307
00000476 564 380 2.4576
00000476 464 776 1.78905
00000476 796 372 1.70721
00000476 89 58 1.27931
00000476 107 990 0.549026
00000476 576 664 0.518041
00000476 701 554 0.264202
00000476 555 693 -0.130966
00000476 24 201 -0.330222
00000476 172 32 -0.504513
00000476 21 115 -0.698847
00000476 92 132 -0.776945
00000476 673 587 -0.853832
00000479 4 4 -0.215347
00000479 218 141 -0.508018
00000483 356 996 0.289698
00000483 517 738 -0.133972
00000483 467 979 -0.419515
00000483 84 997 -0.706961
00000483 585 723 -0.7654
00000483 408 989 -0.889484
00000485 857 870 1.14026
00000485 163 833 0.966657
00000485 912 876 0.594946
00000485 743 374 0.541801
00000485 924 392 0.349543
00000485 276 912 0.196069
00000485 625 930 -0.163029
00000485 708 896 -0.222956
00000485 908 408 -0.535328
00000485 892 368 -0.785052
00000485 877 133 -0.968749
00000516 690 398 1.21516
00000516 675 137 0.607811
00000516 804 68 -0.0751621
00000516 916 352 -0.0867264
00000516 1004 432 -0.0939345
00000516 15 168 -0.308507
00000516 784 514 -0.313675
00000516 123 782 -0.378003
00000516 668 164 -0.382379
00000516 721 505 -0.52367
00000516 793 433 -0.52878
00000516 704 310 -0.571203
00000516 501 617 -0.596221
00000516 72 51 -0.638044
00000516 100 212 -0.675589
00000516 133 344 -0.675934
00000516 321 90 -0.735762
00000516 960 349 -0.75398
00000516 776 583 -0.844649
00000516 47 141 -0.857683
00000516 698 17 -0.953768
00000516 578 30 -0.985211
00000516 754 321 -1.00863
00000516 141 338 -1.02962
00000516 818 432 -1.04153
00000516 700 692 -1.0486
00000526 743 231 0.101991
00000526 369 654 -0.0880294
00000526 802 866 -0.58316
00000526 938 930 -0.670627
00000526 660 148 -0.715882
00000526 832 778 -0.732777
00000526 458 578 -0.737279
00000526 578 771 -0.745196
00000526 704 881 -0.836378
00000526 913 548 -0.844815
00000526 900 492 -0.861213
00000526 859 546 -0.89887
00000526 316 708 -0.935266
00000526 395 754 -0.942856
00000526 831 730 -1.04194
00000548 986 744 1.26097
00000548 701 944 0.495659
00000548 576 881 -0.0886905
00000548 236 988 -0.315804
00000548 605 349 -0.427142
00000548 556 364 -0.54416
00000548 156 1004 -0.744993
00000548 938 634 -0.932987
00000548 50 500 -0.938923
00000548 438 944 -0.951489
00000548 564 704 -0.962832
00000548 276 980 -0.984621
00000553 670 47 0.100569
00000553 287 338 -0.0324585
00000553 433 107 -0.755074
00000553 307 748 -0.801402
00000553 484 692 -0.817748
00000553 420 84 -0.90379
00000553 794 849 -0.922183
00000553 47 694 -1.02177
00000553 389 418 -1.0315
00000568 700 596 0.551192
00000568 741 857 0.456188
00000568 436 540 0.0828995
00000568 492 648 -0.171945
00000568 698 655 -0.298467
00000568 730 445 -0.381217
00000568 452 688 -0.465345
00000568 948 612 -0.494334
00000568 723 871 -0.581018
00000568 528 519 -0.666853
00000568 611 638 -0.672452
00000568 676 540 -0.676155
00000568 4 620 -0.68063
00000568 644 532 -0.776704
00000568 943 107 -0.792455
00000568 484 516 -0.844554
00000568 457 585 -0.892675
00000568 725 620 -0.969211
00000568 4 64 -0.990856
00000568 585 595 -0.995536
00000568 132 28 -1.01191
00000568 866 321 -1.01835
00000568 36 52 -1.03904
00000574 332 401 1.22755
00000574 427 739 0.963667
00000574 576 684 0.769455
00000574 268 472 0.495796
00000574 700 548 0.339238
00000574 338 694 0.0956732
00000574 300 638 -0.136822
00000574 279 459 -0.209213
00000574 381 677 -0.329646
00000574 436 520 -0.353911
00000574 526 448 -0.375471
00000574 681 754 -0.381535
00000574 124 508 -0.434488
00000574 532 392 -0.535208
00000574 469 775 -0.558262
00000574 388 580 -0.601738
00000574 548 820 -0.628697
00000574 81 47 -0.706997
00000574 700 796 -0.738159
00000574 807 839 -0.751469
00000574 517 329 -0.752099
00000574 716 848 -0.786542
00000574 427 895 -0.804545
00000574 404 464 -0.812373
00000574 355 4 -0.819045
00000574 476 644 -0.830526
00000574 533 965 -0.907394
00000574 184 578 -0.93581
00000574 543 469 -0.957496
00000574 780 612 -0.968581
00000574 415 351 -0.97285
00000574 339 521 -1.00566
00000574 724 76 -1.03458
00000580 535 475 1.58398
00000580 673 480 1.29988
00000580 944 474 0.0714915
00000580 987 804 0.0262176
00000580 951 882 -0.150492
00000580 164 304 -0.34915
00000580 526 379 -0.500961
00000580 192 113 -0.615152
00000580 260 212 -0.61855
00000580 142 332 -0.681739
00000580 460 364 -0.695091
00000580 100 516 -0.697456
00000580 806 347 -0.712087
00000580 611 303 -0.755495
00000580 572 356 -0.768726
00000580 4 905 -0.815263
00000580 916 700 -0.823955
00000580 595 304 -0.834199
00000580 41 923 -0.839925
00000580 896 896 -0.850435
00000580 362 546 -0.876691
00000580 36 163 -0.88719
00000580 535 338 -0.942027
00000580 572 392 -0.954169
00000580 772 340 -0.957324
00000580 332 116 -0.974808
00000580 52 908 -0.993108
00000580 78 592 -1.00496
00000580 732 384 -1.00629
00000580 142 522 -1.02626
00000580 372 164 -1.04217
00000580 30 141 -1.04285
00000580 124 520 -1.04286
00000582 150 501 1.1365
00000582 252 105 0.978958
00000582 628 26 0.0421072
00000582 348 4 -0.27402
00000582 510 47 -0.681528
00000582 655 407 -0.992192
00000582 140 40 -0.997344
00000582 484 994 -1.00499
00000582 452 228 -1.02785
00000582 767 227 -1.02849
00000585 244 952 1.71918
00000585 215 101 0.216395
00000585 316 780 -0.0589486
00000585 93 423 -0.3229
00000585 32 174 -0.342829
00000585 142 158 -0.362517
00000585 324 692 -0.403443
00000585 160 248 -0.590226
00000585 110 374 -0.656644
00000585 396 812 -0.70413
00000585 321 878 -0.708554
00000585 84 136 -0.735736
00000585 195 406 -0.786713
00000585 38 403 -0.786991
00000585 113 211 -0.7957
00000585 87 592 -0.802115
00000585 332 918 -0.947923
00000585 396 732 -0.950012
00000585 103 398 -0.952589
00000585 124 156 -0.983098
00000585 621 831 -0.993664
00000590 220 601 0.91929
00000590 300 105 0.470486
00000590 98 773 0.107945
00000590 285 211 -0.0155564
00000590 973 784 -0.147863
00000590 172 704 -0.363819
00000590 956 692 -0.413339
00000590 92 424 -0.510646
00000590 82 289 -0.702815
00000590 527 604 -0.755614
00000590 179 739 -0.791984
00000590 4 395 -0.813665
00000590 84 406 -0.815546
00000590 36 100 -0.832839
00000590 310 152 -0.85748
00000590 4 412 -0.859871
00000590 960 133 -0.860445
00000590 22 431 -0.894526
00000590 785 344 -0.898766
00000590 107 274 -0.917751
00000590 797 467 -0.960517
00000590 87 840 -0.968094
00000590 287 347 -0.981543
00000590 78 13 -0.982881
00000590 192 275 -1.0278
00000590 81 737 -1.04107
00000614 416 292 0.977139
00000614 902 385 0.829413
00000614 422 300 -0.155469
00000614 776 372 -0.322798
00000614 708 364 -0.633449
00000614 581 4 -0.715972
00000614 844 352 -0.77357
00000614 921 364 -0.820368
00000614 900 580 -0.846562
00000614 690 381 -0.887678
00000614 358 5 -0.915458
00000614 611 657 -0.969828
00000614 640 172 -1.01624
00000616 385 330 1.72362
00000616 384 556 1.2928
00000616 960 871 -0.290968
00000616 500 884 -0.689404
00000616 891 817 -0.711453
00000616 338 141 -0.910884
00000622 972 912 0.939445
00000622 554 849 0.732025
00000622 418 679 0.0301663
00000622 987 597 -0.211497
00000622 876 920 -0.570085
00000622 427 836 -0.715752
00000622 162 733 -0.725725
00000622 500 844 -0.750675
00000622 765 617 -0.830153
00000622 110 543 -0.849785
00000622 76 540 -1.04442
00000628 234 739 0.0127277
00000628 748 68 -0.317729
00000628 225 748 -0.673172
00000628 98 4 -0.708838
00000628 793 312 -0.785342
00000628 900 220 -0.904377
00000628 596 192 -0.913993
00000628 923 225 -0.945895
00000628 580 268 -1.01472
00000646 870 955 0.981694
00000646 956 848 -0.203992
00000646 812 674 -0.630643
00000646 896 720 -0.634063
00000659 459 234 0.788096
00000659 238 234 0.651173
00000659 124 133 0.643151
00000659 620 4 0.275983
00000659 654 237 0.22483
00000659 669 83 0.178864
00000659 633 691 0.177908
00000659 836 72 0.108985
00000659 488 853 0.00708673
00000659 393 339 -0.0779543
00000659 393 684 -0.0864677
00000659 668 940 -0.20273
00000659 452 76 -0.225119
00000659 84 68 -0.225761
00000659 640 339 -0.239943
00000659 206 68 -0.248032
00000659 328 68 -0.358652
00000659 176 852 -0.429624
00000659 535 938 -0.461225
00000659 754 167 -0.558606
00000659 400 940 -0.592512
00000659 280 932 -0.599184
00000659 574 68 -0.634663
00000659 831 234 -0.642049
00000659 147 684 -0.644131
00000659 700 76 -0.738835
00000659 823 691 -0.745017
00000659 600 140 -0.757019
00000659 546 34 -0.792904
00000659 852 4 -0.795198
00000659 73 339 -0.831338
00000659 12 932 -0.861813
00000659 136 932 -0.894876
00000659 664 54 -0.930981
00000659 846 241 -0.97785
00000659 588 828 -0.983026
00000659 760 828 -0.987017
00000659 844 222 -0.999932
00000659 51 347 -1.0033
00000659 156 335 -1.03791
00000665 748 78 0.470163
00000665 750 34 -0.0832787
00000665 748 321 -0.153959
00000665 487 4 -0.298229
00000665 282 4 -0.305983
00000665 73 110 -0.552911
00000665 369 871 -0.652765
00000665 78 152 -0.739258
00000665 73 271 -0.767136
00000665 73 234 -0.783124
00000665 68 517 -0.802069
00000665 820 4 -0.816529
00000665 68 763 -0.944006
00000665 68 482 -0.967388
00000665 801 613 -0.984155
00000665 73 395 -0.993806
00000665 576 517 -1.00954
00000665 81 4 -1.01263
00000665 785 721 -1.04317
00000670 684 224 1.44362
00000670 884 152 1.06583
00000670 881 105 0.942053
00000670 528 261 0.800631
00000670 522 137 0.266874
00000670 132 502 0.145271
00000670 537 932 -0.205035
00000670 96 523 -0.315214
00000670 195 290 -0.478171
00000670 212 668 -0.594362
00000670 150 304 -0.607159
00000670 64 154 -0.653382
00000670 321 703 -0.710206
00000670 304 548 -0.714142
00000670 195 691 -0.717983
00000670 30 565 -0.719532
00000670 553 561 -0.837298
00000670 587 467 -0.878083
00000670 59 542 -0.898731
00000670 344 13 -0.910393
00000670 260 694 -0.925794
00000670 700 548 -0.936825
00000670 588 840 -0.963986
00000670 124 475 -0.989656
00000670 832 566 -0.999634
00000670 108 360 -1.00235
00000670 353 542 -1.02408
00000670 163 485 -1.0284
00000673 972 384 2.0194
00000673 312 171 1.87544
00000673 628 649 0.223931
00000673 237 659 -0.294145
00000673 943 673 -0.430807
00000673 536 674 -0.563123
00000673 941 845 -0.583251
00000673 235 938 -0.920682
00000673 580 1004 -0.963093
00000673 884 856 -0.989427
00000673 940 628 -1.01182
00000673 312 711 -1.01656
00000673 460 124 -1.01859
00000673 554 696 -1.04561
00000697 487 389 0.892658
00000697 902 649 -0.148242
00000697 924 940 -0.418631
00000697 978 381 -0.833216
00000697 68 828 -1.01585
00000697 990 64 -1.04661
00000697 110 701 -1.048
00000741 891 640 1.30871
00000741 684 151 0.379037
00000741 990 47 -0.400821
00000741 4 989 -0.538528
00000741 4 334 -0.76545
00000741 606 891 -0.829582
00000741 900 4 -0.957515
00000756 818 488 0.409011
00000756 881 606 -0.370721
00000756 228 548 -0.74815
00000781 833 279 0.478001
00000781 836 268 0.35038
00000781 839 343 -0.861575
00000781 12 388 -0.962451
00000781 205 374 -1.01493
00000781 4 740 -1.02958
00000781 44 196 -1.04724
00000786 353 652 1.80981
00000786 107 651 1.42186
00000786 848 540 1.40396
00000786 891 527 0.750139
00000786 800 220 0.132475
00000786 307 197 -0.44365
00000786 13 82 -0.688125
00000786 900 476 -0.698526
00000786 701 379 -0.837003
00000786 776 234 -0.874804
00000786 956 823 -0.892357
00000786 4 246 -0.910769
00000786 348 548 -0.92815
00000786 150 17 -0.934671
00000786 152 408 -0.943805
00000786 274 484 -0.989518
00000798 704 500 1.47215
00000798 677 287 1.36415
00000798 822 856 1.11399
00000798 41 114 -0.391649
00000798 807 174 -0.398423
00000798 670 317 -0.484045
00000798 595 507 -0.548329
00000798 374 94 -0.721586
00000798 767 578 -0.748035
00000798 864 620 -0.882632
00000798 840 491 -0.90187
00000798 988 740 -0.908982
00000798 629 133 -0.939594
00000798 522 670 -0.96258
00000830 828 336 1.13641
00000830 44 852 0.878131
00000830 978 891 0.530366
00000830 940 316 0.175754
00000830 955 580 -0.00763063
00000830 500 284 -0.0254184
00000830 876 172 -0.259254
00000830 476 64 -0.289393
00000830 500 257 -0.304837
00000830 908 924 -0.440503
00000830 836 724 -0.565793
00000830 485 269 -0.601877
00000830 950 856 -0.724192
00000830 756 336 -0.745925
00000830 754 480 -0.801785
00000830 923 812 -0.818749
00000830 201 394 -0.826554
00000830 940 568 -0.835839
00000830 920 270 -0.855282
00000830 604 947 -0.857149
00000830 1004 80 -0.885542
00000830 978 32 -0.940011
00000830 905 799 -0.951555
00000830 836 844 -0.966737
00000830 116 468 -0.976464
00000830 555 638 -0.981646
00000830 438 585 -0.997096
00000830 868 140 -1.00731
00000830 839 849 -1.01229
00000830 132 480 -1.01271
00000830 996 196 -1.04291
00000833 716 256 1.21778
00000833 792 438 1.07637
00000833 896 433 0.632736
00000833 844 441 0.62301
00000833 700 788 -0.0773308
00000833 629 712 -0.396851
00000833 628 1004 -0.400403
00000833 723 263 -0.458501
00000833 905 4 -0.539782
00000833 792 4 -0.616515
00000833 786 791 -0.617688
00000833 944 448 -0.700795
00000833 960 604 -0.761721
00000833 536 817 -0.764251
00000833 604 780 -0.886209
00000833 520 820 -0.896904
00000833 976 1008 -0.9839
00000837 38 703 0.538329
00000837 182 246 0.0993905
00000837 385 580 0.0532272
00000837 467 831 0.0434026
00000837 832 561 0.0322889
00000837 428 970 0.0287305
00000837 828 84 -0.0709985
00000837 320 531 -0.0916503
00000837 554 696 -0.0940347
00000837 113 334 -0.104826
00000837 121 949 -0.158452
00000837 295 334 -0.197479
00000837 374 453 -0.24204
00000837 543 749 -0.28002
00000837 22 762 -0.329547
00000837 460 120 -0.344702
00000837 739 280 -0.35065
00000837 664 398 -0.408366
00000837 507 807 -0.420126
00000837 374 47 -0.497807
00000837 840 836 -0.523478
00000837 105 238 -0.53769
00000837 362 422 -0.55227
00000837 330 377 -0.565015
00000837 484 428 -0.5838
00000837 399 477 -0.593601
00000837 905 87 -0.61534
00000837 244 403 -0.62304
00000837 343 517 -0.637878
00000837 151 505 -0.639034
00000837 511 105 -0.661274
00000837 836 32 -0.735556
00000837 317 693 -0.751029
00000837 150 861 -0.773618
00000837 724 132 -0.776671
00000837 615 270 -0.782002
00000837 561 265 -0.792119
00000837 330 248 -0.821806
00000837 284 376 -0.846772
00000837 310 354 -0.853278
00000837 227 145 -0.856324
00000837 332 736 -0.871018
00000837 300 688 -0.904897
00000837 580 344 -0.924188
00000837 887 192 -0.931057
00000837 621 12 -0.938629
00000837 103 408 -0.946066
00000837 408 105 -0.970519
00000837 389 206 -0.97119
00000837 218 248 -0.980363
00000837 295 463 -0.982319
00000837 343 559 -1.00508
00000837 316 320 -1.0181
00000837 796 612 -1.02071
00000837 141 145 -1.0211
00000837 601 753 -1.02953
00000837 36 296 -1.02974
00000837 436 864 -1.03823
00000837 716 944 -1.04001
00000837 76 460 -1.04093
00000837 596 163 -1.04468
00000847 169 151 1.5487
00000847 987 831 1.35853
00000847 704 487 0.751017
00000847 103 34 0.236663
00000847 810 707 0.137142
00000847 300 76 -0.11333
00000847 636 776 -0.160513
00000847 868 756 -0.186611
00000847 395 575 -0.215791
00000847 441 180 -0.225576
00000847 321 527 -0.228088
00000847 564 353 -0.486396
00000847 381 484 -0.570902
00000847 179 87 -0.642546
00000847 338 505 -0.669685
00000847 452 588 -0.671121
00000847 615 876 -0.78477
00000847 408 457 -0.791997
00000847 89 58 -0.859317
00000847 420 548 -0.912572
00000847 721 578 -0.934739
00000847 871 526 -0.971308
00000847 93 408 -1.00471
00000847 553 372 -1.02926
00000847 237 15 -1.04144
00000847 84 132 -1.04483
00000847 482 505 -1.04701
00000849 290 348 0.725459
00000849 258 279 0.27701
00000849 601 974 0.199379
00000849 356 84 0.129234
00000849 243 487 -0.0630464
00000849 448 694 -0.199177
00000849 32 339 -0.217793
00000849 212 420 -0.266687
00000849 196 212 -0.270296
00000849 427 110 -0.331986
00000849 81 154 -0.397951
00000849 390 162 -0.425731
00000849 836 844 -0.431393
00000849 537 1006 -0.491164
00000849 445 565 -0.530498
00000849 300 512 -0.621092
00000849 870 986 -0.621506
00000849 527 651 -0.666489
00000849 28 260 -0.673938
00000849 406 617 -0.785207
00000849 268 132 -0.832916
00000849 730 914 -0.859312
00000849 595 827 -0.8853
00000849 321 308 -0.89424
00000849 763 625 -0.903455
00000849 407 175 -0.904795
00000849 544 956 -0.920927
00000849 379 541 -0.967341
00000849 780 660 -0.971751
00000849 828 854 -0.97411
00000849 595 9 -1.00583
00000849 467 655 -1.03073
00000849 775 904 -1.03605
00000849 554 664 -1.04076
00000849 775 617 -1.04546
00000851 124 420 1.97477
00000851 881 782 1.0842
00000851 788 976 0.992619
00000851 782 994 0.808179
00000851 876 448 0.696313
00000851 792 453 0.588356
00000851 964 801 0.422892
00000851 484 634 0.353215
00000851 516 28 0.159649
00000851 615 556 0.0853997
00000851 236 300 -0.219507
00000851 852 272 -0.243437
00000851 436 597 -0.243533
00000851 887 162 -0.256438
00000851 664 497 -0.288375
00000851 12 990 -0.357183
00000851 878 411 -0.365074
00000851 965 474 -0.392824
00000851 5 168 -0.505643
00000851 576 329 -0.508519
00000851 828 205 -0.529623
00000851 744 548 -0.536876
00000851 818 153 -0.617625
00000851 585 126 -0.657603
00000851 131 427 -0.663502
00000851 5 47 -0.724624
00000851 930 287 -0.733856
00000851 13 611 -0.747354
00000851 948 460 -0.766479
00000851 205 628 -0.802747
00000851 574 514 -0.838926
00000851 578 4 -0.850342
00000851 948 220 -0.865834
00000851 390 395 -0.891051
00000851 527 668 -0.902214
00000851 920 428 -0.920277
00000851 292 652 -0.946297
00000851 733 544 -0.968985
00000851 292 276 -0.973409
00000851 107 900 -0.978007
00000851 765 860 -0.98349
00000853 870 828 0.9802
00000853 236 816 0.113669
00000853 767 30 -0.0707905
00000853 822 192 -0.234613
00000853 335 698 -0.331595
00000853 861 956 -0.430826
00000853 681 90 -0.436534
00000853 868 196 -0.563437
00000853 900 300 -0.617361
00000853 732 596 -0.650952
00000853 644 4 -0.762821
00000853 828 652 -0.779398
00000853 990 124 -0.89525
00000853 868 816 -0.935718
00000853 670 184 -0.94889
00000853 861 4 -0.985026
00000853 813 712 -0.985511
00000853 853 162 -1.04017
00000853 533 596 -1.04208
00000869 52 440 1.43806
00000869 374 443 1.29395
00000869 916 456 1.07979
00000869 972 740 0.0939653
00000869 364 452 -0.32592
00000869 892 692 -0.428381
00000869 5 759 -0.695474
00000869 450 857 -0.812875
00000869 493 724 -0.872639
00000869 657 840 -0.876794
00000869 877 551 -0.899311
00000869 326 4 -0.949332
00000869 131 934 -0.965474
00000869 756 796 -1.01212
00000869 840 978 -1.02787
00000877 831 87 0.723341
00000877 987 905 0.600239
00000877 343 585 0.564514
00000877 704 428 0.420397
00000877 517 832 0.115328
00000877 628 448 -0.00502859
00000877 212 388 -0.127582
00000877 561 989 -0.138008
00000877 638 951 -0.306314
00000877 891 773 -0.324552
00000877 796 124 -0.363765
00000877 206 804 -0.386748
00000877 197 776 -0.395832
00000877 596 248 -0.469056
00000877 64 910 -0.535847
00000877 418 630 -0.562176
00000877 192 548 -0.573245
00000877 522 205 -0.603896
00000877 258 5 -0.614702
00000877 716 620 -0.616843
00000877 287 947 -0.618963
00000877 317 592 -0.636268
00000877 1012 156 -0.672224
00000877 335 229 -0.700676
00000877 604 828 -0.735221
00000877 561 162 -0.737612
00000877 339 354 -0.737704
00000877 629 87 -0.743977
00000877 12 304 -0.763717
00000877 524 92 -0.78096
00000877 844 698 -0.817136
00000877 948 892 -0.827239
00000877 480 4 -0.839353
00000877 649 913 -0.850631
00000877 615 571 -0.855494
00000877 184 754 -0.859136
00000877 788 308 -0.877703
00000877 546 294 -0.882985
00000877 404 780 -0.884295
00000877 235 381 -0.886432
00000877 796 158 -0.906171
00000877 532 628 -0.910861
00000877 684 462 -0.932603
00000877 976 591 -0.951454
00000877 976 971 -0.956689
00000877 849 628 -0.957488
00000877 96 59 -0.959691
00000877 55 81 -0.968331
00000877 270 338 -0.969949
00000877 561 578 -0.988694
00000877 444 24 -0.992979
00000877 115 218 -1.00276
00000877 690 527 -1.00952
00000877 877 748 -1.01049
00000877 195 195 -1.0142
00000877 804 886 -1.01648
00000877 436 944 -1.04665
00000892 635 497 -0.0707309
00000892 767 630 -0.664829
00000918 930 654 1.40531
00000918 905 951 0.916554
00000918 936 716 0.426642
00000918 951 904 -0.0148536
00000918 500 137 -0.0208965
00000918 786 369 -0.0236476
00000918 1000 868 -0.091137
00000918 832 418 -0.117119
00000918 782 620 -0.235028
00000918 784 720 -0.428631
00000918 971 659 -0.515889
00000918 836 848 -0.523003
00000918 964 715 -0.60065
00000918 763 103 -0.606706
00000918 827 651 -0.621016
00000918 871 773 -0.756123
00000918 969 620 -0.797763
00000918 900 928 -0.801877
00000918 604 196 -0.842717
00000918 647 638 -0.866136
00000918 802 385 -0.945147
00000918 881 796 -0.96051
00000918 664 587 -1.02602
00000925 400 364 0.809418
00000925 472 372 0.543275
00000925 752 364 0.255415
00000925 389 349 -0.695263
00000925 76 264 -0.709078
00000925 516 188 -0.868046
00000925 659 47 -0.925604
00000925 4 307 -0.934309
00000925 374 343 -1.03563
00000925 443 195 -1.03758
00000928 289 87 -0.159549
00000928 332 68 -0.368598
00000928 328 28 -0.420794
00000928 216 54 -0.77034
00000928 290 47 -0.86292
00000928 116 153 -0.884946
00000929 792 684 -0.41328
00000929 701 248 -0.73308
00000929 604 535 -0.836773
00000929 724 216 -0.858424
00000929 617 89 -0.864504
00000929 453 89 -0.87535
00000929 979 531 -0.898262
00000929 951 941 -0.938593
00000929 800 508 -0.993245
00000929 5 142 -0.993885
00000929 670 68 -1.03495
00000929 660 60 -1.049
00000934 374 910 0.113098
00000934 339 905 0.00536002
00000934 923 960 -0.486569
00000934 317 298 -0.637653
00000934 986 971 -0.674095
00000934 306 68 -0.713358
00000934 295 398 -0.756191
00000934 275 785 -0.816978
00000934 379 501 -0.887203
00000934 287 973 -0.90418
00000934 354 714 -0.9422
00000934 511 955 -0.942443
00000934 980 964 -0.952563
00000934 276 764 -0.978158
00000934 379 269 -0.999659
00000934 307 339 -1.00138
00000934 636 1004 -1.02439
00000950 886 41 -0.209623
00000950 304 544 -0.848168
00000950 741 355 -0.915316
00000950 914 280 -0.94245
00000950 307 611 -0.955475
00000950 796 343 -1.00608
00000950 930 445 -1.02742
00000951 853 707 1.0383
00000951 996 56 -0.522089
00000951 979 29 -0.709334
00000951 960 103 -0.886169
00000951 964 36 -1.02541
00000951 1004 132 -1.03162
00000955 474 902 -0.374827
00000955 356 960 -0.913874
00000955 418 840 -0.91901
00000955 328 548 -0.923874
00000955 407 630 -0.966287
00000959 716 568 0.463299
00000959 716 540 -0.268025
00000959 600 458 -0.712907
00000959 21 604 -0.756585
00000959 670 374 -0.802023
00000959 580 428 -0.809935
00000959 654 536 -0.828917
00000959 740 272 -0.846422
00000959 770 364 -0.883061
00000959 564 306 -0.887669
00000959 772 220 -0.958895
00000959 606 617 -1.00092
00000959 13 197 -1.03089
00000961 996 492 1.25829
00000961 748 284 0.194241
00000961 632 380 -0.241807
00000961 765 279 -0.628023
00000961 812 201 -0.717043
00000961 744 292 -0.877856
00000961 47 796 -0.890972
00000961 399 13 -0.903118
00000961 844 158 -1.02374
00000981 524 380 2.14162
00000994 852 932 0.941263
00000994 979 842 -0.82732
00000994 540 316 -1.02238
00000994 680 300 -1.04905
00000997 115 145 -0.347842
00000997 427 528 -0.771787
00000997 164 556 -0.932273
00000997 310 389 -0.98186
00000997 295 561 -1.02464
00001047 156 969 1.15785
00001064 664 118 0.103948
00001064 796 484 -0.475349
00001064 585 796 -0.570324
00001064 692 156 -0.750365
00001064 4 912 -0.797916
00001064 514 78 -0.871989
00001064 388 504 -0.904555
00001064 140 820 -1.01797
00001067 828 236 1.4319
00001067 580 156 0.446293
00001067 832 251 -0.767448
00001067 998 570 -0.796169
00001067 728 355 -0.847241
00001067 581 172 -0.90045
00001067 964 28 -0.904857
00001067 839 242 -0.913254
00001067 970 576 -1.00928
00001085 792 901 1.33555
00001085 801 934 0.595971
00001085 822 160 -0.212799
00001085 877 335 -0.926387
00001085 818 274 -1.02778
00001085 787 920 -1.04356
00001103 204 80 1.02315
00001103 221 88 -0.255987
00001103 192 227 -0.566967
00001103 118 73 -0.806724
00001105 18 546 0.911423
00001105 543 775 -0.466155
00001110 904 694 0.379944
00001110 748 1001 -0.326793
00001110 535 707 -0.372971
00001110 750 664 -0.507485
00001110 976 728 -0.740517
00001110 621 651 -0.865812
00001110 636 988 -0.945144
00001110 620 666 -0.970097
00001110 630 684 -0.989143
00001110 812 733 -0.993871
00001110 818 638 -0.998123
00001110 628 881 -1.01737
00001110 836 500 -1.04588
00001116 564 121 1.40203
00001116 511 659 0.241933
00001116 280 41 -0.754022
00001116 508 644 -0.84067
00001116 412 492 -0.991169
00001116 287 167 -1.04059
00001117 456 636 2.05607
00001117 280 459 2.02224
00001117 289 431 1.44033
00001117 88 615 0.613412
00001117 265 448 -0.537538
00001117 156 584 -0.607992
00001117 338 613 -0.626188
00001117 180 336 -0.711766
00001117 128 535 -0.858176
00001117 50 859 -0.871896
00001117 169 657 -0.961248
00001117 60 848 -0.970952
00001117 156 332 -0.986111
00001120 169 197 1.94541
00001120 276 60 1.72505
00001120 131 290 0.342727
00001120 152 221 -0.323301
00001120 290 47 -0.622488
00001120 140 244 -0.981456
00001120 261 78 -0.996298
00001120 84 300 -1.02209
00001141 220 647 -0.138348
00001141 196 652 -0.764108
00001141 212 640 -0.855376
00001151 604 338 1.20718
00001151 490 791 -0.782934
00001151 565 872 -0.901322
00001151 546 932 -0.959518
00001153 204 36 -0.189331
00001153 241 39 -0.773594
00001153 113 34 -1.0234
00001161 367 298 0.912551
00001161 300 184 0.692515
00001161 308 176 -0.310076
00001161 524 28 -0.69302
00001161 951 767 -0.916418
00001161 316 60 -0.930299
00001161 467 364 -0.970063
00001161 188 55 -1.00773
00001161 950 910 -1.01246
00001161 188 108 -1.01766
00001161 951 822 -1.0448
00001161 298 114 -1.04928
00001169 454 184 0.643131
00001169 379 110 0.0670258
00001169 258 390 0.0273897
00001169 664 733 -0.0250184
00001169 300 330 -0.135512
00001169 244 347 -0.137393
00001169 258 126 -0.145257
00001169 740 824 -0.67734
00001169 240 235 -0.737234
00001169 243 271 -0.84475
00001169 248 364 -0.90873
00001169 252 780 -0.967408
00001169 462 349 -0.998443
00001169 295 290 -1.03023
00001170 575 870 1.62327
00001170 792 802 0.0822871
00001170 812 508 -0.0643564
00001170 659 881 -0.0965614
00001170 701 812 -0.35145
00001170 733 881 -0.672554
00001170 300 881 -0.71441
00001170 459 723 -0.85544
00001170 374 712 -0.899074
00001170 300 723 -0.957244
00001170 364 691 -1.0158
00001170 300 754 -1.03249
00001170 608 732 -1.0327
00001176 81 960 0.0844865
00001176 13 840 -0.0227217
00001176 891 955 -0.27276
00001176 905 937 -0.883672
00001176 877 951 -0.977159
00001176 575 981 -0.999435
00001176 548 964 -1.02842
00001181 436 304 -0.252262
00001196 753 693 0.522906
00001196 851 822 -0.921792
00001205 202 923 -0.59885
00001205 59 872 -0.741254
00001205 353 949 -0.913094
00001215 263 300 -0.0483297
00001215 89 42 -0.427042
00001215 164 372 -0.860985
00001215 92 372 -0.907288
00001215 332 212 -0.999375
00001215 12 184 -1.00346
00001215 332 316 -1.0219
00001229 872 702 -0.477942
00001229 792 674 -0.79176
00001229 948 876 -0.909074
00001229 47 433 -0.909729
00001229 721 767 -0.984196
00001236 240 38 0.553407
00001236 347 638 -0.693595
00001236 172 312 -0.819987
00001236 218 107 -0.918332
00001236 307 41 -0.962867
00001236 510 98 -0.983671
00001236 522 913 -1.04181
00001236 561 561 -1.04899
00001249 196 4 0.391153
00001249 98 758 -0.519207
00001249 812 388 -0.540912
00001249 476 212 -0.569613
00001249 741 321 -0.693954
00001249 280 497 -0.719706
00001249 110 5 -0.823758
00001249 105 237 -0.881581
00001249 324 120 -0.921655
00001249 518 330 -0.946002
00001249 844 388 -0.98763
00001249 195 501 -0.988105
00001249 964 388 -1.00006
00001252 891 812 -0.425092
00001252 613 707 -0.451137
00001252 524 736 -0.488825
00001252 13 376 -0.750935
00001252 630 381 -0.87953
00001252 707 611 -0.89712
00001252 698 698 -0.951367
00001252 814 630 -1.04
