00000016 105 684 0.737345
00000016 620 44 -0.67612
00000016 4 831 -0.997721
00000016 625 83 -1.03743
00000018 621 870 0.557303
00000018 497 393 -0.845882
00000018 261 793 -0.944872
00000018 300 174 -1.0108
00000056 475 548 2.21858
00000056 732 788 1.54708
00000056 831 141 1.1426
00000056 628 228 0.705109
00000056 616 188 0.604742
00000056 445 244 0.26517
00000056 437 115 0.159099
00000056 976 533 -0.19187
00000056 910 54 -0.293952
00000056 905 969 -0.329428
00000056 330 510 -0.362549
00000056 459 13 -0.365757
00000056 211 307 -0.478885
00000056 184 228 -0.489769
00000056 924 772 -0.496717
00000056 440 396 -0.507502
00000056 820 468 -0.544917
00000056 864 724 -0.552433
00000056 388 972 -0.572973
00000056 972 972 -0.580638
00000056 870 793 -0.675128
00000056 849 215 -0.696173
00000056 952 28 -0.705557
00000056 914 647 -0.72578
00000056 704 374 -0.765119
00000056 853 390 -0.787003
00000056 901 172 -0.810804
00000056 508 568 -0.813874
00000056 428 526 -0.824293
00000056 842 349 -0.831704
00000056 406 733 -0.857264
00000056 793 981 -0.874852
00000056 822 160 -0.884124
00000056 689 674 -0.89438
00000056 978 266 -0.925824
00000056 694 861 -0.952237
00000056 349 507 -0.965693
00000056 270 613 -0.970397
00000056 612 428 -1.00058
00000056 932 260 -1.00248
00000056 583 218 -1.00489
00000056 372 896 -1.0066
00000056 524 972 -1.01693
00000056 1008 292 -1.02464
00000072 158 750 1.58938
00000072 914 840 -0.1796
00000072 840 347 -0.309493
00000072 754 591 -0.400942
00000072 741 797 -0.409549
00000072 848 304 -0.463582
00000072 782 615 -0.787653
00000072 78 978 -0.796341
00000072 58 860 -0.927642
00000072 44 980 -0.932816
00000072 128 895 -0.999447
00000072 748 638 -1.04597
00000077 881 581 0.711123
00000077 557 415 -0.490662
00000077 152 196 -0.817319
00000077 64 287 -0.824158
00000077 379 83 -0.85506
00000077 174 422 -0.958615
00000077 452 556 -1.01372
00000134 26 976 0.634748
00000134 32 271 -0.177634
00000134 12 988 -0.386012
00000134 320 231 -0.463191
00000134 34 339 -0.507424
00000134 77 244 -0.517201
00000134 390 124 -0.537074
00000134 47 4 -0.567823
00000134 569 100 -0.58108
00000134 20 372 -0.687692
00000134 242 248 -0.78499
00000134 72 218 -0.794292
00000134 4 748 -0.864817
00000134 41 317 -0.869532
00000134 13 261 -0.937332
00000134 36 369 -0.937841
00000134 532 556 -0.954353
00000134 604 68 -0.966405
00000142 888 556 1.74457
00000142 574 712 0.940912
00000142 441 784 0.520677
00000142 500 693 0.364981
00000142 606 147 0.0402923
00000142 521 871 -0.0233517
00000142 296 476 -0.106019
00000142 564 772 -0.192321
00000142 304 148 -0.194238
00000142 612 412 -0.208482
00000142 820 252 -0.451138
00000142 554 242 -0.469065
00000142 296 796 -0.488745
00000142 487 428 -0.510667
00000142 536 694 -0.555219
00000142 723 200 -0.571411
00000142 150 270 -0.597532
00000142 300 372 -0.658292
00000142 204 564 -0.66933
00000142 212 236 -0.699639
00000142 578 904 -0.713382
00000142 335 997 -0.726106
00000142 845 13 -0.761216
00000142 113 989 -0.801128
00000142 206 886 -0.802491
00000142 505 372 -0.833215
00000142 588 22 -0.837131
00000142 564 596 -0.837723
00000142 886 395 -0.846897
00000142 501 210 -0.857379
00000142 137 68 -0.862615
00000142 724 444 -0.896707
00000142 398 201 -0.903499
00000142 828 364 -0.904973
00000142 428 436 -0.907068
00000142 522 438 -0.912444
00000142 224 468 -0.958445
00000142 744 459 -0.96101
00000142 883 227 -0.966749
00000142 561 355 -0.970969
00000142 644 388 -0.976142
00000142 458 964 -0.978081
00000142 606 781 -0.987769
00000142 708 796 -0.990674
00000142 572 212 -1.00868
00000142 197 151 -1.01656
00000142 647 473 -1.01738
00000142 868 76 -1.0403
00000142 428 52 -1.04642
00000149 274 585 1.7701
00000149 369 691 1.41774
00000149 422 767 0.930412
00000149 238 445 0.902497
00000149 916 220 0.00569224
00000149 364 763 -0.0744236
00000149 4 698 -0.314341
00000149 252 878 -0.535269
00000149 432 786 -0.570222
00000149 264 572 -0.598125
00000149 118 694 -0.627007
00000149 352 756 -0.766212
00000149 360 684 -0.807535
00000149 428 561 -0.919545
00000149 104 868 -0.966921
00000149 390 723 -0.972722
00000167 84 384 1.88392
00000167 52 533 1.40861
00000167 632 980 0.210315
00000167 152 300 -0.11923
00000167 96 236 -0.622254
00000167 132 356 -0.692147
00000167 112 308 -0.902284
00000167 601 643 -0.944482
00000167 401 585 -1.01705
00000195 279 311 1.16379
00000195 372 441 0.838647
00000195 229 344 0.672814
00000195 234 831 0.0570028
00000195 592 436 -0.070946
00000195 332 971 -0.312753
00000195 28 964 -0.438618
00000195 276 300 -0.535853
00000195 818 818 -0.53605
00000195 102 372 -0.634757
00000195 279 237 -0.650149
00000195 330 934 -0.713656
00000195 389 955 -0.73429
00000195 320 851 -0.73756
00000195 184 938 -0.848333
00000195 672 228 -0.922461
00000195 98 901 -0.957681
00000195 332 960 -0.978885
00000195 715 227 -0.991465
00000195 657 831 -1.04305
00000196 300 533 0.0127002
00000196 192 334 -0.286857
00000196 304 300 -0.300686
00000196 128 108 -0.760347
00000196 38 137 -0.781536
00000196 12 583 -0.833983
00000196 142 670 -0.871428
00000196 132 25 -0.930731
00000196 28 604 -0.93093
00000196 201 12 -0.943724
00000222 733 621 0.364186
00000222 459 501 0.34149
00000222 908 556 0.260873
00000222 684 620 0.195698
00000222 681 278 -0.119695
00000222 349 531 -0.255581
00000222 260 457 -0.279636
00000222 339 445 -0.304098
00000222 756 376 -0.30746
00000222 691 284 -0.323398
00000222 605 4 -0.378259
00000222 509 519 -0.421459
00000222 444 508 -0.466757
00000222 785 55 -0.611573
00000222 652 416 -0.619258
00000222 408 512 -0.628244
00000222 781 59 -0.657474
00000222 183 142 -0.664068
00000222 748 516 -0.787056
00000222 836 557 -0.855076
00000222 328 332 -0.86557
00000222 316 180 -0.925944
00000222 321 559 -0.932445
00000222 508 568 -0.969122
00000222 102 304 -0.982617
00000222 707 385 -0.98438
00000222 124 356 -0.986234
00000222 206 381 -1.00503
00000222 275 14 -1.01794
00000222 5 226 -1.04288
00000225 136 620 -0.0165648
00000225 216 628 -0.13951
00000225 269 638 -0.285053
00000225 981 977 -0.332742
00000225 192 617 -0.353167
00000225 845 307 -0.39183
00000225 664 596 -0.418956
00000225 493 681 -0.519288
00000225 853 638 -0.545609
00000225 617 701 -0.549565
00000225 691 364 -0.581301
00000225 91 592 -0.625829
00000225 469 548 -0.67996
00000225 188 372 -0.852744
00000225 351 638 -0.915526
00000225 955 744 -0.916519
00000225 740 572 -0.920419
00000225 312 647 -0.937044
00000225 644 836 -0.959348
00000225 904 553 -0.99201
00000225 989 842 -1.00986
00000225 716 640 -1.02002
00000225 42 647 -1.03699
00000225 116 501 -1.04218
00000242 244 287 -0.175306
00000242 40 628 -0.416795
00000242 215 349 -0.467306
00000242 758 234 -0.541298
00000242 42 564 -0.545334
00000242 649 934 -0.548784
00000242 68 295 -0.682236
00000242 583 956 -0.83923
00000242 546 817 -0.888495
00000242 29 54 -0.901031
00000242 636 932 -0.938271
00000242 231 231 -1.00621
00000242 115 244 -1.02635
00000247 100 148 0.52491
00000247 796 4 -0.356996
00000247 100 163 -0.771091
00000247 4 979 -0.954065
00000247 1008 79 -0.978098
00000258 916 168 0.91733
00000258 796 452 -0.580509
00000258 702 500 -0.746048
00000258 708 388 -0.992081
00000258 768 4 -0.99428
00000268 684 358 1.46747
00000268 436 704 0.683275
00000268 416 532 0.255501
00000268 237 369 0.0357905
00000268 204 228 -0.323991
00000268 358 68 -0.407576
00000268 612 480 -0.671474
00000268 596 788 -0.692494
00000268 584 76 -0.74725
00000268 427 248 -0.778656
00000268 136 204 -0.820723
00000268 528 528 -0.830818
00000268 395 554 -0.876915
00000268 601 183 -0.950455
00000268 454 445 -1.00098
00000268 712 358 -1.02462
00000275 528 735 1.1983
00000275 574 739 1.02854
00000275 868 712 0.145786
00000275 274 754 0.03647
00000275 796 226 -0.0724298
00000275 712 629 -0.121088
00000275 690 235 -0.236635
00000275 300 956 -0.396346
00000275 752 116 -0.431927
00000275 813 739 -0.487412
00000275 723 110 -0.49794
00000275 500 692 -0.629337
00000275 780 732 -0.688251
00000275 116 849 -0.720549
00000275 356 820 -0.860098
00000275 137 905 -0.887417
00000275 820 472 -0.928872
00000275 739 840 -0.968369
00000275 222 930 -0.988634
00000275 36 84 -0.989333
00000275 54 192 -1.01585
00000275 715 98 -1.03405
00000275 758 105 -1.04728
00000282 343 828 0.812182
00000282 472 812 0.731448
00000282 670 73 -0.00492701
00000282 610 4 -0.0329634
00000282 395 654 -0.0653348
00000282 574 725 -0.155043
00000282 730 55 -0.200157
00000282 540 764 -0.202442
00000282 721 679 -0.281956
00000282 535 638 -0.538206
00000282 431 831 -0.550976
00000282 469 575 -0.759122
00000282 389 487 -0.833831
00000282 412 924 -0.847702
00000282 427 733 -0.941349
00000282 374 601 -0.96462
00000282 620 197 -1.0009
00000282 355 595 -1.01042
00000284 797 576 1.62898
00000284 743 709 1.54978
00000284 716 611 0.775238
00000284 763 870 0.281266
00000284 703 595 0.180807
00000284 860 548 0.0371383
00000284 684 464 -0.164744
00000284 780 553 -0.180158
00000284 861 810 -0.324372
00000284 763 510 -0.433737
00000284 772 860 -0.53007
00000284 832 740 -0.555985
00000284 844 990 -0.639655
00000284 758 914 -0.703484
00000284 454 330 -0.759787
00000284 696 670 -0.772156
00000284 612 324 -0.818983
00000284 716 730 -0.836249
00000284 457 379 -0.946938
00000284 114 4 -1.01519
00000284 608 412 -1.01671
00000284 960 487 -1.0215
00000295 753 234 1.89709
00000295 232 412 0.130542
00000295 418 300 -0.148268
00000295 723 564 -0.152489
00000295 581 428 -0.251069
00000295 753 369 -0.253743
00000295 443 226 -0.275075
00000295 174 206 -0.351604
00000295 601 438 -0.355664
00000295 372 257 -0.395025
00000295 167 381 -0.430882
00000295 633 290 -0.464025
00000295 647 270 -0.489415
00000295 482 551 -0.507967
00000295 524 196 -0.564851
00000295 444 396 -0.600033
00000295 167 304 -0.686096
00000295 517 216 -0.69951
00000295 511 902 -0.702322
00000295 427 427 -0.728004
00000295 235 81 -0.851593
00000295 714 448 -0.854641
00000295 591 300 -0.914646
00000295 408 285 -0.946164
00000295 732 396 -0.954768
00000295 640 948 -1.00773
00000295 114 4 -1.01282
00000295 374 205 -1.01325
00000295 208 844 -1.01391
00000295 701 269 -1.03039
00000309 707 427 -0.685957
00000309 741 578 -0.733945
00000309 496 740 -0.785938
00000309 884 584 -0.841414
00000309 816 628 -0.867515
00000309 971 585 -0.937744
00000309 707 334 -1.03412
00000319 16 996 -0.0349339
00000319 28 748 -0.541908
00000319 79 1002 -0.564935
00000319 4 983 -0.819231
00000319 84 988 -0.863189
00000319 675 891 -0.868598
00000325 551 132 -0.19182
00000325 500 156 -0.39044
00000325 502 664 -0.423586
00000325 553 90 -0.609645
00000325 427 78 -0.782257
00000325 505 638 -0.956645
00000325 559 100 -0.958067
00000325 484 150 -0.986476
00000325 355 784 -1.00124
00000327 242 395 3.03366
00000327 48 612 1.46236
00000327 934 227 0.0153443
00000327 101 629 -0.241452
00000327 960 276 -0.33538
00000327 232 388 -0.340631
00000327 802 581 -0.358068
00000327 137 142 -0.360111
00000327 624 68 -0.885827
00000327 902 923 -0.943709
00000327 616 116 -0.961738
00000335 258 548 2.29028
00000335 500 725 0.937789
00000335 332 812 0.563969
00000335 349 445 -0.033004
00000335 703 707 -0.0537655
00000335 730 32 -0.079762
00000335 444 884 -0.150536
00000335 96 276 -0.197721
00000335 28 588 -0.265267
00000335 310 792 -0.36207
00000335 822 305 -0.387802
00000335 284 772 -0.394525
00000335 808 4 -0.419095
00000335 664 668 -0.428063
00000335 147 317 -0.46157
00000335 509 482 -0.515065
00000335 60 16 -0.577274
00000335 491 50 -0.582132
00000335 696 131 -0.602942
00000335 564 100 -0.603194
00000335 654 585 -0.607707
00000335 923 776 -0.621687
00000335 621 158 -0.622443
00000335 892 356 -0.663474
00000335 866 741 -0.666053
00000335 192 261 -0.689076
00000335 692 212 -0.69545
00000335 196 349 -0.709321
00000335 285 329 -0.71501
00000335 454 895 -0.745676
00000335 994 231 -0.773987
00000335 291 415 -0.783832
00000335 407 861 -0.81442
00000335 965 807 -0.823584
00000335 205 712 -0.824884
00000335 624 564 -0.83075
00000335 364 828 -0.832356
00000335 601 617 -0.838675
00000335 268 756 -0.840212
00000335 804 84 -0.84303
00000335 141 673 -0.844122
00000335 724 638 -0.863773
00000335 863 813 -0.880802
00000335 261 312 -0.891218
00000335 98 192 -0.892258
00000335 978 307 -0.895364
00000335 221 280 -0.909647
00000335 842 714 -0.929396
00000335 388 844 -0.937154
00000335 312 347 -0.974439
00000335 124 210 -0.975492
00000335 548 604 -1.01917
00000335 996 828 -1.03017
00000335 758 657 -1.04876
00000339 941 542 2.59968
00000339 965 585 0.933656
00000339 148 160 0.919527
00000339 918 416 0.331362
00000339 974 436 -0.202683
00000339 312 105 -0.248642
00000339 655 197 -0.320286
00000339 960 792 -0.320359
00000339 812 270 -0.356863
00000339 360 132 -0.446101
00000339 956 580 -0.467655
00000339 514 133 -0.558509
00000339 588 168 -0.593609
00000339 537 147 -0.661859
00000339 581 251 -0.732531
00000339 870 733 -0.760116
00000339 689 310 -0.760681
00000339 986 807 -0.775485
00000339 484 836 -0.777997
00000339 932 772 -0.791535
00000339 860 296 -0.797858
00000339 408 82 -0.819624
00000339 696 216 -0.821207
00000339 675 211 -0.861936
00000339 471 192 -0.889396
00000339 787 260 -0.90822
00000339 660 587 -0.915562
00000339 864 388 -0.929085
00000339 796 691 -0.932603
00000339 923 330 -0.970542
00000339 381 775 -0.975399
00000339 844 292 -0.98459
00000339 951 339 -0.988166
00000339 58 543 -1.0056
00000339 406 796 -1.00903
00000339 172 636 -1.03448
00000340 638 960 2.29106
00000340 452 776 1.57621
00000340 380 780 1.36617
00000340 174 749 0.487199
00000340 83 650 0.470045
00000340 4 379 -0.189455
00000340 108 884 -0.257569
00000340 295 964 -0.361434
00000340 236 940 -0.362501
00000340 554 717 -0.387378
00000340 672 692 -0.393646
00000340 280 588 -0.430605
00000340 64 861 -0.498571
00000340 649 971 -0.519843
00000340 392 644 -0.549195
00000340 1000 820 -0.580857
00000340 112 516 -0.585399
00000340 505 690 -0.589052
00000340 105 431 -0.632217
00000340 561 643 -0.66598
00000340 59 487 -0.68405
00000340 88 876 -0.69829
00000340 156 904 -0.72421
00000340 276 956 -0.736528
00000340 64 403 -0.738368
00000340 338 617 -0.739744
00000340 44 852 -0.7416
00000340 444 664 -0.791679
00000340 192 480 -0.803938
00000340 212 932 -0.825832
00000340 467 608 -0.84677
00000340 287 523 -0.849864
00000340 756 720 -0.884929
00000340 381 569 -0.910274
00000340 317 978 -0.922838
00000340 938 797 -0.953779
00000340 960 896 -0.964824
00000340 180 912 -0.975596
00000340 846 842 -0.976101
00000340 31 395 -1.04141
00000345 197 863 0.439951
00000345 738 226 -0.787843
00000345 396 4 -0.820475
00000345 396 524 -0.828192
00000345 610 625 -0.931593
00000345 569 638 -0.96508
00000345 150 758 -0.971575
00000349 448 462 1.35153
00000349 832 4 -0.628593
00000349 424 467 -0.882257
00000349 5 58 -0.941177
00000355 79 269 -0.586901
00000355 630 398 -0.629007
00000355 965 5 -0.723495
00000355 258 628 -0.731924
00000355 83 4 -0.785878
00000355 625 172 -0.865957
00000355 83 339 -1.01031
00000355 812 244 -1.03882
00000364 329 462 0.86997
00000364 621 445 0.300521
00000364 184 98 0.230846
00000364 51 98 -0.66134
00000364 575 469 -0.769292
00000364 58 89 -0.785152
00000366 464 165 1.39744
00000366 950 521 1.2
00000366 484 848 0.421412
00000366 404 660 0.293181
00000366 484 928 0.22139
00000366 501 506 0.18905
00000366 412 588 0.0403457
00000366 428 698 -0.0256181
00000366 131 316 -0.0597423
00000366 408 900 -0.258572
00000366 613 505 -0.288426
00000366 512 788 -0.373784
00000366 428 788 -0.402084
00000366 422 537 -0.41472
00000366 633 163 -0.609083
00000366 441 741 -0.637252
00000366 420 604 -0.668697
00000366 844 218 -0.695329
00000366 422 934 -0.70888
00000366 215 716 -0.712034
00000366 496 492 -0.767181
00000366 427 517 -0.778513
00000366 411 681 -0.873864
00000366 424 630 -0.874013
00000366 422 978 -0.896908
00000366 968 548 -0.913538
00000366 510 351 -0.927834
00000386 168 764 1.11772
00000386 330 951 0.491858
00000386 136 652 0.43529
00000386 362 624 0.187525
00000386 428 900 0.00456137
00000386 147 659 -0.019454
00000386 216 716 -0.0294893
00000386 556 462 -0.111869
00000386 484 568 -0.173988
00000386 248 698 -0.331754
00000386 464 468 -0.354454
00000386 471 47 -0.369564
00000386 652 976 -0.4349
00000386 964 997 -0.436244
00000386 488 1004 -0.459691
00000386 492 891 -0.516057
00000386 827 344 -0.59184
00000386 459 591 -0.592583
00000386 998 960 -0.716974
00000386 787 379 -0.729755
00000386 876 979 -0.741573
00000386 679 68 -0.750337
00000386 532 1012 -0.758052
00000386 508 528 -0.764041
00000386 320 932 -0.771329
00000386 226 538 -0.803812
00000386 195 934 -0.871036
00000386 72 94 -0.883072
00000386 26 992 -0.916182
00000386 708 128 -0.924195
00000386 49 832 -0.924418
00000386 578 488 -0.966739
00000386 14 817 -1.04654
00000386 222 775 -1.04749
00000387 21 36 0.730492
00000387 168 311 0.680475
00000387 282 270 0.219892
00000387 116 128 0.174588
00000387 119 344 0.0846551
00000387 174 189 -0.0232281
00000387 450 785 -0.129557
00000387 661 767 -0.274267
00000387 532 886 -0.280769
00000387 160 196 -0.423254
00000387 188 132 -0.498
00000387 272 252 -0.513046
00000387 258 105 -0.565495
00000387 147 68 -0.59766
00000387 160 300 -0.615994
00000387 51 192 -0.652911
00000387 196 164 -0.658041
00000387 448 876 -0.717947
00000387 544 596 -0.72779
00000387 528 540 -0.776193
00000387 404 969 -0.797818
00000387 480 372 -0.797931
00000387 560 978 -0.812251
00000387 280 68 -0.894838
00000387 540 956 -0.913925
00000387 327 163 -0.923777
00000387 158 100 -0.936996
00000387 312 990 -0.944695
00000387 412 184 -0.957628
00000387 448 980 -0.964894
00000387 4 428 -0.981519
00000387 38 244 -0.999791
00000387 496 428 -1.03076
00000392 459 733 0.0778108
00000392 248 527 0.0425716
00000392 452 724 -0.102365
00000392 241 472 -0.711407
00000392 225 546 -0.763247
00000392 652 532 -0.84302
00000392 644 1012 -0.89333
00000392 334 704 -0.90295
00000392 236 524 -0.966454
00000392 395 147 -0.971194
00000392 228 792 -0.976293
00000392 115 608 -1.04205
00000398 591 921 -1.03148
00000409 4 915 0.201134
00000409 946 859 -0.00995687
00000409 83 497 -0.37406
00000409 4 561 -0.3769
00000409 90 484 -0.587806
00000409 124 632 -0.622819
00000409 905 771 -0.791543
00000409 500 484 -0.972477
00000409 289 891 -0.974873
00000409 886 828 -0.994648
00000409 104 628 -0.998823
00000409 29 536 -1.041
00000415 404 260 -0.452265
00000415 548 828 -0.621338
00000415 418 241 -0.723496
00000415 464 229 -0.921438
00000415 716 100 -0.999859
00000433 278 771 0.21877
00000433 20 168 0.0185665
00000433 276 856 0.0111969
00000433 280 689 -0.0901377
00000433 824 724 -0.101554
00000433 842 709 -0.122145
00000433 972 536 -0.190396
00000433 878 342 -0.248124
00000433 574 613 -0.266718
00000433 460 1000 -0.428847
00000433 398 689 -0.442709
00000433 177 123 -0.452569
00000433 638 1003 -0.474415
00000433 986 311 -0.516649
00000433 484 348 -0.532763
00000433 452 760 -0.573603
00000433 142 517 -0.575259
00000433 596 756 -0.595208
00000433 339 526 -0.604304
00000433 427 932 -0.608362
00000433 647 398 -0.652868
00000433 308 168 -0.667
00000433 518 998 -0.732712
00000433 158 132 -0.74888
00000433 836 741 -0.755809
00000433 343 849 -0.770132
00000433 141 300 -0.773034
00000433 636 484 -0.783724
00000433 339 684 -0.793224
00000433 408 215 -0.796847
00000433 924 268 -0.829804
00000433 655 750 -0.864185
00000433 444 604 -0.884188
00000433 477 896 -0.909347
00000433 349 585 -0.93038
00000433 467 831 -0.965836
00000433 243 22 -0.970931
00000433 673 836 -1.01252
00000433 292 424 -1.01932
00000433 120 468 -1.03073
00000433 756 780 -1.04256
00000433 467 709 -1.04674
00000489 307 928 0.36222
00000489 296 884 0.357133
00000489 260 896 -0.82978
00000489 284 902 -0.839
00000489 142 882 -0.896117
00000489 148 944 -0.975032
00000497 372 364 0.626131
00000497 752 340 0.216772
00000497 347 553 -0.177855
00000497 316 543 -0.253196
00000497 775 330 -0.276007
00000497 396 76 -0.283687
00000497 711 321 -0.336653
00000497 753 280 -0.419169
00000497 349 103 -0.562577
00000497 427 248 -0.622492
00000497 505 278 -0.688932
00000497 398 638 -0.734722
00000497 793 287 -0.761126
00000497 344 275 -0.770357
00000497 458 411 -0.87443
00000497 416 691 -0.897296
00000497 543 744 -0.982338
00000497 767 372 -0.984532
00000497 508 348 -1.01107
00000512 278 270 0.869639
00000512 284 300 0.636299
00000512 334 390 0.346349
00000512 229 4 0.125412
00000512 197 404 -0.28941
00000512 764 436 -0.351297
00000512 427 450 -0.363326
00000512 356 4 -0.801532
00000512 47 63 -0.863791
00000512 312 347 -0.908473
00000512 231 73 -0.942183
00000512 27 68 -0.943886
00000512 268 156 -1.00802
00000517 574 762 1.29632
00000517 225 36 1.2028
00000517 189 79 0.441762
00000517 126 775 0.163618
00000517 216 93 -0.0576879
00000517 744 436 -0.146964
00000517 732 296 -0.161054
00000517 506 89 -0.469988
00000517 784 100 -0.503804
00000517 733 685 -0.533875
00000517 657 395 -0.543354
00000517 807 137 -0.643207
00000517 522 100 -0.645632
00000517 741 120 -0.725534
00000517 321 785 -0.755664
00000517 120 764 -0.761653
00000517 355 240 -0.779153
00000517 643 210 -0.817508
00000517 557 355 -0.869089
00000517 702 165 -0.882636
00000517 608 372 -0.894402
00000517 886 294 -0.898379
00000517 257 482 -0.958925
00000517 680 276 -0.982009
00000517 248 412 -0.987964
00000517 316 164 -0.999935
00000517 725 390 -1.00071
00000517 527 334 -1.01882
00000517 604 120 -1.03695
00000523 501 601 0.711408
00000523 81 668 0.385749
00000523 459 195 0.318743
00000523 752 284 0.253697
00000523 47 81 0.159426
00000523 900 868 0.132514
00000523 468 748 -0.0608049
00000523 768 556 -0.0757126
00000523 532 704 -0.123669
00000523 900 360 -0.191936
00000523 923 643 -0.253231
00000523 501 728 -0.296607
00000523 758 763 -0.320034
00000523 364 248 -0.326904
00000523 517 448 -0.412754
00000523 58 84 -0.430521
00000523 980 932 -0.468568
00000523 556 689 -0.507481
00000523 433 767 -0.621594
00000523 477 325 -0.634093
00000523 491 238 -0.740922
00000523 615 914 -0.76604
00000523 778 743 -0.809139
00000523 179 321 -0.812955
00000523 629 64 -0.833764
00000523 321 474 -0.854213
00000523 339 721 -0.860812
00000523 168 564 -0.883194
00000523 660 324 -0.911162
00000523 730 735 -0.915174
00000523 376 500 -0.927978
00000523 833 385 -0.953188
00000523 300 469 -0.992475
00000523 728 796 -1.00446
00000523 878 51 -1.00458
00000523 379 349 -1.00927
00000523 707 891 -1.01013
00000523 728 268 -1.01302
00000523 696 884 -1.0186
00000523 484 668 -1.03975
00000524 276 788 0.942218
00000524 372 516 0.141319
00000524 480 767 0.0893618
00000524 511 765 -0.00300896
00000524 160 817 -0.0333201
00000524 436 724 -0.435696
00000524 317 785 -0.457053
00000524 438 453 -0.543386
00000524 924 852 -0.610782
00000524 868 900 -0.69028
00000524 174 712 -0.72507
00000524 4 960 -0.766076
00000524 28 28 -0.823605
00000524 443 754 -0.848057
00000524 454 464 -0.935758
00000524 501 330 -0.984133
00000524 480 427 -1.00358
00000524 332 796 -1.00992
00000524 613 801 -1.02927
00000528 784 772 -0.758165
00000529 865 385 0.453221
00000529 860 380 -0.57715
00000529 930 938 -0.623735
00000529 960 399 -0.766692
00000543 647 398 2.25817
00000543 565 211 1.70869
00000543 630 265 1.43221
00000543 828 68 0.14066
00000543 512 68 -0.174324
00000543 650 64 -0.230891
00000543 508 264 -0.249821
00000543 979 88 -0.342789
00000543 694 251 -0.391
00000543 394 192 -0.460966
00000543 822 320 -0.61704
00000543 330 454 -0.626518
00000543 527 438 -0.657042
00000543 272 260 -0.812218
00000543 251 526 -0.824817
00000543 680 5 -0.844277
00000543 570 707 -0.844822
00000543 468 400 -0.973889
00000543 362 385 -0.988701
00000543 121 89 -1.01716
00000543 707 533 -1.03186
00000547 290 295 1.85821
00000547 168 60 0.912766
00000547 304 171 -0.139042
00000547 156 4 -0.208388
00000547 428 232 -0.212155
00000547 532 152 -0.30723
00000547 675 55 -0.323537
00000547 484 184 -0.515393
00000547 433 12 -0.541627
00000547 292 372 -0.548932
00000547 280 59 -0.613213
00000547 4 64 -0.750606
00000547 321 124 -0.814357
00000547 201 64 -0.821475
00000547 12 197 -0.908819
00000555 142 555 0.850372
00000555 132 4 -0.843916
00000555 604 227 -0.908245
00000555 4 47 -0.960531
00000570 655 947 1.29917
00000570 773 98 0.85204
00000570 828 865 -0.0394243
00000570 712 951 -0.195483
00000570 756 628 -0.343421
00000570 670 949 -0.450239
00000570 836 604 -0.614292
00000570 804 895 -0.640039
00000570 852 852 -0.740389
00000570 484 500 -0.833387
00000570 764 128 -0.890316
00000570 802 856 -0.929491
00000570 983 886 -0.939431
00000570 507 398 -1.01948
00000570 575 744 -1.03715
00000570 565 657 -1.04583
00000573 192 284 0.547771
00000573 960 420 -0.376929
00000573 436 4 -0.784276
00000573 764 4 -0.794847
00000573 604 733 -0.935006
00000573 4 900 -0.939208
00000573 105 596 -0.982671
00000573 420 98 -1.0023
00000573 300 310 -1.0039
00000573 372 420 -1.01438
00000573 764 372 -1.03471
00000578 799 987 1.2683
00000578 736 276 1.24034
00000578 707 87 0.476155
00000578 160 854 0.307097
00000578 379 849 -0.645155
00000578 490 965 -0.777272
00000578 592 776 -0.778419
00000578 369 994 -0.784948
00000578 102 964 -0.797331
00000578 380 820 -0.922462
00000578 330 887 -0.975556
00000578 164 932 -1.02194
00000596 459 348 0.939185
00000596 216 928 0.375018
00000596 457 822 0.321809
00000596 164 328 0.20047
00000596 107 175 0.151579
00000596 377 355 0.00370059
00000596 177 645 -0.0781437
00000596 432 300 -0.0936202
00000596 487 436 -0.099704
00000596 158 343 -0.100232
00000596 372 158 -0.130453
00000596 174 87 -0.262507
00000596 384 113 -0.267189
00000596 502 467 -0.269555
00000596 179 1001 -0.422925
00000596 172 184 -0.537379
00000596 583 47 -0.554875
00000596 888 716 -0.642676
00000596 585 559 -0.656534
00000596 4 831 -0.66565
00000596 38 887 -0.671994
00000596 908 364 -0.674794
00000596 39 280 -0.705931
00000596 372 676 -0.718627
00000596 100 580 -0.782331
00000596 960 804 -0.785081
00000596 321 222 -0.802769
00000596 997 229 -0.831726
00000596 160 164 -0.8359
00000596 395 432 -0.839523
00000596 124 188 -0.845748
00000596 167 685 -0.877984
00000596 272 332 -0.886248
00000596 14 561 -0.895953
00000596 856 212 -0.911187
00000596 707 441 -0.915124
00000596 64 206 -0.952765
00000596 348 511 -0.954239
00000596 59 1006 -0.959723
00000596 359 733 -0.962681
00000596 377 570 -0.967457
00000596 487 610 -0.997381
00000596 252 592 -1.00735
00000596 234 891 -1.02618
00000596 388 12 -1.03576
00000596 258 21 -1.0371
00000596 510 853 -1.04572
00000602 532 480 0.818248
00000602 615 206 0.761742
00000602 100 116 0.589391
00000602 668 132 0.560552
00000602 860 452 0.527763
00000602 216 147 0.334865
00000602 712 42 0.0521435
00000602 901 763 0.0452428
00000602 1002 406 -0.00490737
00000602 974 399 -0.0434431
00000602 260 128 -0.0627029
00000602 142 89 -0.0684729
00000602 236 497 -0.251389
00000602 204 212 -0.299458
00000602 389 280 -0.422023
00000602 600 196 -0.512763
00000602 969 436 -0.53787
00000602 693 418 -0.547175
00000602 940 349 -0.570651
00000602 685 192 -0.591987
00000602 189 216 -0.595135
00000602 216 564 -0.678247
00000602 416 501 -0.712367
00000602 987 661 -0.71798
00000602 4 660 -0.741121
00000602 201 152 -0.803986
00000602 900 280 -0.816841
00000602 296 316 -0.822345
00000602 865 459 -0.837087
00000602 201 758 -0.865132
00000602 681 94 -0.86755
00000602 934 823 -0.874996
00000602 279 147 -0.875204
00000602 211 913 -0.954592
00000602 188 56 -0.960298
00000602 380 260 -0.992366
00000602 28 68 -1.00373
00000602 964 384 -1.01047
00000602 848 660 -1.01178
00000602 50 555 -1.0118
00000602 1004 392 -1.03202
00000602 32 886 -1.04634
00000602 580 659 -1.04817
00000621 444 580 0.625998
00000621 188 753 0.221304
00000621 360 764 0.167672
00000621 739 937 -0.528095
00000621 205 775 -0.616284
00000621 832 772 -0.669364
00000621 427 739 -0.707617
00000621 390 964 -0.836532
00000621 536 659 -0.872475
00000621 305 930 -0.876599
00000621 157 950 -0.902604
00000621 374 775 -0.969649
00000621 450 932 -0.97864
00000621 158 986 -0.986279
00000621 168 924 -1.01064
00000621 990 703 -1.04743
00000633 939 142 1.27354
00000633 212 240 1.11847
00000633 824 500 0.745238
00000633 853 120 0.629675
00000633 422 174 0.317028
00000633 197 655 0.208439
00000633 976 92 -0.522702
00000633 704 182 -0.634525
00000633 790 923 -0.636369
00000633 739 215 -0.677465
00000633 853 501 -0.826476
00000633 992 12 -0.862438
00000633 523 941 -0.955069
00000633 910 108 -1.01668
00000637 507 714 1.34493
00000637 295 535 0.587763
00000637 184 548 0.500464
00000637 216 612 0.0485808
00000637 440 548 -0.149674
00000637 60 360 -0.315094
00000637 776 601 -0.386584
00000637 398 812 -0.477212
00000637 48 764 -0.48211
00000637 484 724 -0.482911
00000637 47 628 -0.706693
00000637 167 771 -0.744838
00000637 188 428 -0.856809
00000637 241 866 -0.880535
00000637 4 500 -0.910662
00000637 4 785 -0.9317
00000637 73 536 -0.974787
00000637 320 802 -0.979209
00000637 60 192 -0.986583
00000637 276 544 -0.991232
00000637 684 364 -1.01492
00000637 633 533 -1.01724
00000640 280 124 0.634066
00000640 221 123 0.306158
00000640 60 68 -0.24275
00000640 546 837 -0.598833
00000640 79 68 -0.868012
00000640 167 12 -0.904862
00000640 611 785 -0.938691
00000640 536 940 -1.01084
00000640 613 235 -1.02798
00000640 575 865 -1.03282
00000643 68 859 0.988563
00000643 64 891 0.0150702
00000643 92 732 -0.676112
00000643 34 487 -0.681227
00000643 98 810 -0.902353
00000643 28 740 -0.966845
00000650 565 565 0.993555
00000650 721 4 -0.281077
00000650 15 612 -0.86625
00000650 28 300 -0.9165
00000650 58 221 -0.942475
00000655 556 123 0.471062
00000655 565 141 -0.544061
00000655 497 285 -0.596008
00000655 587 81 -0.695347
00000655 182 4 -0.920406
00000655 280 932 -0.956103
00000655 509 45 -1.00841
00000655 548 80 -1.02185
00000655 151 4 -1.03956
00000657 458 94 1.50307
00000657 881 110 1.0123
00000657 243 615 0.75738
00000657 874 724 0.476222
00000657 630 595 0.384057
00000657 241 374 -0.0359419
00000657 628 836 -0.157358
00000657 459 63 -0.220734
00000657 908 840 -0.320489
00000657 526 398 -0.400182
00000657 772 348 -0.43617
00000657 684 422 -0.450427
00000657 628 716 -0.48645
00000657 636 352 -0.541471
00000657 775 107 -0.595368
00000657 628 964 -0.596336
00000657 510 60 -0.622456
00000657 252 4 -0.648062
00000657 910 477 -0.659496
00000657 638 105 -0.736457
00000657 775 222 -0.741911
00000657 543 680 -0.805059
00000657 904 964 -0.878587
00000657 73 804 -0.88724
00000657 775 596 -0.908755
00000657 772 476 -0.91542
00000657 636 472 -0.920708
00000657 913 347 -0.954711
00000657 243 542 -0.955534
00000657 491 321 -0.970127
00000657 533 63 -0.984368
00000657 767 844 -0.994576
00000657 831 546 -1.01525
00000657 241 192 -1.02874
00000672 81 360 2.39377
00000672 424 325 2.33523
00000672 484 192 1.65806
00000672 792 334 1.65586
00000672 450 968 0.40985
00000672 490 200 -0.179192
00000672 380 868 -0.283362
00000672 49 595 -0.399411
00000672 454 555 -0.555185
00000672 998 775 -0.574901
00000672 68 673 -0.72538
00000672 877 624 -0.733217
00000672 467 201 -0.816977
00000672 564 564 -0.908275
00000672 4 793 -0.959144
00000672 940 782 -1.01167
00000672 772 960 -1.01903
00000672 41 702 -1.04504
00000672 52 788 -1.04917
00000683 4 56 0.877525
00000683 295 42 0.680535
00000683 60 64 -0.39411
00000683 89 63 -0.92934
00000690 527 728 -0.113699
00000690 647 724 -0.170486
00000690 748 632 -0.199906
00000690 802 398 -0.277018
00000690 647 604 -0.326783
00000690 404 844 -0.473766
00000690 767 724 -0.521143
00000690 587 677 -0.56802
00000690 981 908 -0.582676
00000690 767 977 -0.587381
00000690 767 854 -0.603033
00000690 420 668 -0.632477
00000690 524 968 -0.648081
00000690 311 395 -0.651646
00000690 984 844 -0.656428
00000690 398 720 -0.731038
00000690 533 854 -0.74029
00000690 647 968 -0.749468
00000690 36 592 -0.750355
00000690 707 913 -0.780584
00000690 674 502 -0.840341
00000690 41 560 -0.842354
00000690 312 874 -0.844874
00000690 398 964 -0.886307
00000690 330 214 -0.912554
00000690 428 612 -0.935599
00000690 38 853 -0.942602
00000690 647 853 -0.9607
00000690 997 326 -0.971438
00000690 804 332 -0.986822
00000690 601 464 -0.997358
00000693 628 124 0.0637375
00000693 381 124 -0.0982629
00000693 748 124 -0.149107
00000693 216 236 -0.156717
00000693 501 244 -0.296999
00000693 142 221 -0.337988
00000693 621 372 -0.348501
00000693 508 120 -0.5168
00000693 380 244 -0.537189
00000693 440 84 -0.590053
00000693 5 300 -0.633199
00000693 564 328 -0.686353
00000693 225 229 -0.733518
00000693 708 516 -0.74794
00000693 42 493 -0.754385
00000693 733 379 -0.838804
00000693 280 484 -0.843244
00000693 220 376 -0.87261
00000693 128 236 -0.913391
00000693 628 248 -0.95323
00000693 537 831 -0.988251
00000693 285 507 -0.994193
00000693 453 103 -0.998264
00000693 21 390 -0.999008
00000693 406 374 -1.02701
00000693 736 388 -1.03488
00000708 4 656 0.509705
00000708 4 756 -0.305967
00000708 998 192 -0.325756
00000708 657 1001 -0.371213
00000708 406 242 -0.381453
00000708 870 274 -0.540709
00000708 98 750 -0.548026
00000708 690 750 -0.596598
00000708 764 24 -0.63182
00000708 760 468 -0.68146
00000708 1004 976 -0.687184
00000708 750 158 -0.718848
00000708 754 174 -0.727128
00000708 20 548 -0.733013
00000708 758 883 -0.781365
00000708 775 158 -0.787873
00000708 453 786 -0.819788
00000708 659 269 -0.823703
00000708 431 114 -0.848431
00000708 884 44 -0.893107
00000708 268 276 -0.930006
00000708 364 107 -0.943104
00000708 989 709 -0.965401
00000708 260 763 -0.973974
00000708 339 403 -0.98516
00000708 148 316 -0.985765
00000708 87 868 -0.991874
00000708 5 670 -1.00696
00000708 784 913 -1.01273
00000716 775 907 0.548513
00000716 721 900 0.161398
00000716 748 802 -0.722956
00000716 330 926 -0.793783
00000716 764 908 -0.850505
00000716 490 575 -0.918289
00000716 701 955 -0.926339
00000716 708 924 -0.989065
00000716 292 684 -1.01798
00000725 204 264 0.939794
00000725 201 221 0.465219
00000725 454 220 -0.381172
00000725 620 123 -0.472987
00000725 865 68 -0.646629
00000725 744 200 -0.794829
00000725 325 175 -0.850412
00000725 298 275 -0.90722
00000725 268 36 -0.952062
00000725 38 4 -0.997675
00000733 680 52 1.18368
00000733 615 50 0.772125
00000733 298 110 0.480672
00000733 51 192 0.465797
00000733 280 78 0.112754
00000733 412 672 0.0880475
00000733 56 500 0.0879098
00000733 4 4 -0.105479
00000733 4 960 -0.176589
00000733 827 608 -0.247209
00000733 228 68 -0.286063
00000733 316 184 -0.370244
00000733 817 464 -0.376409
00000733 148 4 -0.586269
00000733 153 110 -0.586292
00000733 252 132 -0.59611
00000733 77 192 -0.597261
00000733 237 854 -0.646229
00000733 142 664 -0.659886
00000733 831 836 -0.686727
00000733 240 212 -0.720337
00000733 220 555 -0.731121
00000733 110 36 -0.747101
00000733 48 44 -0.775591
00000733 76 436 -0.780769
00000733 820 508 -0.789271
00000733 685 467 -0.796892
00000733 707 511 -0.801635
00000733 360 150 -0.810499
00000733 552 60 -0.860793
00000733 52 476 -0.88439
00000733 157 369 -0.911918
00000733 148 180 -0.932704
00000733 764 524 -0.962092
00000733 340 52 -0.990236
00000733 580 524 -0.992427
00000733 617 744 -0.993265
00000733 34 172 -1.02237
00000733 201 359 -1.02583
00000733 4 615 -1.04375
00000742 880 340 1.19147
00000742 772 496 1.14936
00000742 453 241 0.591967
00000742 918 353 0.370296
00000742 914 59 -0.317122
00000742 124 50 -0.450062
00000742 960 124 -0.508768
00000742 284 226 -0.630679
00000742 162 54 -0.657677
00000742 112 780 -0.687224
00000742 440 36 -0.730065
00000742 226 21 -0.849563
00000742 716 60 -0.910701
00000742 271 215 -0.954386
00000742 124 923 -0.978269
00000742 849 158 -0.987725
00000742 142 555 -1.00669
00000742 73 184 -1.02319
00000742 44 669 -1.04426
00000747 148 956 -0.269004
00000747 216 295 -0.860137
00000747 441 4 -0.984085
00000751 68 395 0.287554
00000751 182 221 0.216567
00000751 140 300 0.192786
00000751 454 436 0.155568
00000751 583 175 -0.0944745
00000751 448 325 -0.145198
00000751 148 248 -0.196916
00000751 227 291 -0.309078
00000751 108 272 -0.389841
00000751 96 308 -0.435467
00000751 450 295 -0.485238
00000751 420 428 -0.492088
00000751 732 4 -0.683973
00000751 124 28 -0.754338
00000751 205 5 -0.757791
00000751 68 260 -0.865518
00000751 578 214 -0.870309
00000751 142 4 -0.95469
00000751 468 272 -0.958734
00000751 364 420 -0.960846
00000751 216 280 -1.01788
00000773 392 52 1.8645
00000773 544 368 1.23654
00000773 464 700 0.602389
00000773 620 104 0.150895
00000773 415 227 0.0904623
00000773 321 612 -0.0293983
00000773 79 670 -0.152924
00000773 401 58 -0.219348
00000773 188 261 -0.354029
00000773 544 708 -0.485913
00000773 290 718 -0.674338
00000773 244 156 -0.681965
00000773 380 136 -0.718212
00000773 175 244 -0.748245
00000773 482 763 -0.77602
00000773 514 565 -0.778687
00000773 784 956 -0.835655
00000773 294 280 -0.875844
00000773 522 5 -0.880458
00000773 793 621 -0.939795
00000773 482 566 -0.952653
00000773 174 284 -0.994426
00000773 730 555 -1.02107
00000783 501 531 0.532731
00000783 152 28 0.169087
00000783 49 812 0.0923337
00000783 332 284 -0.0610099
00000783 712 257 -0.234986
00000783 271 969 -0.284273
00000783 666 202 -0.365006
00000783 664 124 -0.386055
00000783 270 317 -0.4073
00000783 531 192 -0.494918
00000783 508 48 -0.582451
00000783 802 564 -0.588698
00000783 895 174 -0.595032
00000783 444 472 -0.650461
00000783 260 388 -0.69078
00000783 708 504 -0.70385
00000783 560 604 -0.748463
00000783 196 740 -0.7518
00000783 606 335 -0.776247
00000783 753 260 -0.793612
00000783 269 184 -0.80203
00000783 808 473 -0.843058
00000783 372 904 -0.8488
00000783 372 524 -0.851685
00000783 698 604 -0.856296
00000783 712 284 -0.873812
00000783 527 98 -0.87999
00000783 407 977 -0.895965
00000783 823 870 -0.902648
00000783 316 488 -0.909295
00000783 458 505 -0.927015
00000783 516 448 -0.940398
00000783 880 628 -0.959219
00000783 369 339 -0.974081
00000783 244 124 -1.01518
00000783 271 762 -1.02641
00000783 723 506 -1.04734
00000783 30 433 -1.04809
00000789 1008 132 1.85015
00000789 457 807 1.56172
00000789 114 468 1.16963
00000789 574 275 -0.218847
00000789 488 572 -0.529364
00000789 44 668 -0.550988
00000789 592 196 -0.562437
00000789 162 443 -0.584087
00000789 390 362 -0.662946
00000789 887 132 -0.734425
00000789 620 204 -0.814526
00000789 649 955 -0.834887
00000789 510 141 -0.852559
00000789 649 464 -0.858728
00000789 308 108 -0.88913
00000789 934 870 -0.89541
00000789 355 990 -0.922484
00000789 329 645 -0.946225
00000789 740 80 -0.948605
00000789 271 271 -0.978481
00000789 124 555 -0.991952
00000789 444 804 -1.00612
00000789 377 973 -1.03088
00000789 441 519 -1.04736
00000794 348 340 1.46592
00000794 412 912 0.838207
00000794 78 900 0.113547
00000794 252 912 0.0979273
00000794 484 60 0.07891
00000794 765 253 0.0651428
00000794 535 188 -0.26813
00000794 103 728 -0.321935
00000794 132 553 -0.328837
00000794 964 298 -0.401233
00000794 976 168 -0.432465
00000794 388 60 -0.44152
00000794 482 251 -0.50081
00000794 818 891 -0.501138
00000794 512 692 -0.517598
00000794 385 559 -0.641454
00000794 440 252 -0.65509
00000794 969 679 -0.700451
00000794 924 224 -0.714865
00000794 748 256 -0.791557
00000794 940 807 -0.804299
00000794 984 329 -0.810105
00000794 177 881 -0.814001
00000794 802 290 -0.885749
00000794 617 801 -0.88592
00000794 140 540 -0.887852
00000794 636 564 -0.888195
00000794 100 791 -0.89049
00000794 72 913 -0.903771
00000794 305 920 -0.918475
00000794 463 853 -0.923025
00000794 664 712 -0.970634
00000794 760 988 -0.97408
00000794 788 288 -1.01517
00000794 55 98 -1.03399
00000794 396 188 -1.03811
00000794 836 59 -1.04224
00000794 4 941 -1.04283
00000794 595 960 -1.04466
00000794 398 750 -1.04564
00000803 943 896 1.89034
00000803 474 638 0.46008
00000803 740 880 0.297135
00000803 812 325 0.178222
00000803 60 360 -0.193842
00000803 572 300 -0.232114
00000803 527 818 -0.255114
00000803 335 169 -0.307701
00000803 987 937 -0.325085
00000803 26 5 -0.522441
00000803 939 237 -0.529395
00000803 312 895 -0.540244
00000803 753 797 -0.58168
00000803 416 828 -0.592653
00000803 290 5 -0.628076
00000803 640 844 -0.645294
00000803 353 307 -0.652059
00000803 896 4 -0.655001
00000803 914 817 -0.693731
00000803 606 269 -0.758067
00000803 364 356 -0.7696
00000803 358 712 -0.781498
00000803 635 300 -0.791255
00000803 753 113 -0.792397
00000803 955 802 -0.798416
00000803 192 210 -0.819322
00000803 120 372 -0.824058
00000803 44 888 -0.830144
00000803 930 68 -0.850859
00000803 518 81 -0.884639
00000803 284 142 -0.885917
00000803 148 244 -0.912887
00000803 548 733 -0.917495
00000803 791 406 -0.91898
00000803 533 786 -0.921617
00000803 669 113 -0.929422
00000803 912 340 -0.929565
00000803 606 96 -0.931391
00000803 868 392 -0.941379
00000803 288 508 -0.969422
00000803 78 418 -0.993484
00000803 928 775 -1.01784
00000803 459 932 -1.02003
00000803 295 561 -1.03619
00000803 596 672 -1.03998
00000806 827 205 0.800634
00000806 851 128 0.355
00000806 588 160 -0.0763708
00000806 849 633 -0.147762
00000806 924 448 -0.235618
00000806 675 427 -0.2367
00000806 868 112 -0.442354
00000806 535 47 -0.546325
00000806 538 131 -0.582652
00000806 464 91 -0.665238
00000806 591 312 -0.674971
00000806 675 311 -0.736225
00000806 615 298 -0.784147
00000806 845 151 -0.803656
00000806 717 490 -0.807426
00000806 684 296 -0.822338
00000806 685 878 -0.825464
00000806 638 437 -0.858314
00000806 994 518 -0.860003
00000806 902 379 -0.929088
00000806 527 174 -0.965215
00000806 832 804 -0.994855
00000806 548 321 -1.00464
00000806 10 701 -1.01158
00000806 718 24 -1.02526
00000806 574 724 -1.04708
00000808 79 42 1.17896
00000808 236 640 0.729092
00000808 92 296 0.710586
00000808 237 284 0.426301
00000808 306 395 0.00963538
00000808 42 870 -0.0291928
00000808 984 804 -0.0345924
00000808 152 732 -0.0424607
00000808 551 78 -0.138422
00000808 608 132 -0.142089
00000808 606 13 -0.156539
00000808 90 510 -0.186719
00000808 92 136 -0.318512
00000808 232 891 -0.376741
00000808 360 90 -0.467508
00000808 699 34 -0.522937
00000808 660 336 -0.54024
00000808 339 445 -0.561662
00000808 433 634 -0.595764
00000808 240 544 -0.609471
00000808 320 116 -0.663366
00000808 316 948 -0.671999
00000808 652 895 -0.705025
00000808 702 808 -0.741531
00000808 464 923 -0.744685
00000808 344 845 -0.772086
00000808 339 41 -0.779355
00000808 90 222 -0.799137
00000808 400 236 -0.813058
00000808 632 76 -0.816234
00000808 381 647 -0.87771
00000808 4 274 -0.883147
00000808 591 934 -0.886326
00000808 251 403 -0.895496
00000808 183 399 -0.91659
00000808 196 644 -0.933651
00000808 401 849 -0.939647
00000808 142 311 -0.948252
00000808 196 268 -0.959632
00000808 448 468 -0.974904
00000808 454 450 -0.985145
00000808 471 38 -0.985147
00000808 649 284 -0.998112
00000808 379 110 -1.00198
00000808 886 36 -1.00624
00000808 73 984 -1.0454
00000820 24 260 2.00233
00000820 211 399 1.65548
00000820 475 111 1.36802
00000820 22 969 1.19432
00000820 988 632 0.0896659
00000820 638 332 -0.010547
00000820 468 220 -0.0668058
00000820 997 588 -0.165161
00000820 836 620 -0.171025
00000820 306 163 -0.282583
00000820 420 408 -0.331657
00000820 18 197 -0.343257
00000820 556 605 -0.362094
00000820 407 673 -0.397861
00000820 244 76 -0.461691
00000820 132 347 -0.489033
00000820 411 26 -0.51239
00000820 148 236 -0.537626
00000820 403 12 -0.540699
00000820 891 965 -0.547277
00000820 891 827 -0.58164
00000820 960 812 -0.595126
00000820 507 694 -0.632591
00000820 488 172 -0.637805
00000820 38 583 -0.660379
00000820 943 998 -0.661569
00000820 330 849 -0.664064
00000820 256 241 -0.678269
00000820 30 784 -0.684971
00000820 226 332 -0.712455
00000820 284 859 -0.7319
00000820 448 24 -0.746077
00000820 892 908 -0.762834
00000820 868 864 -0.77327
00000820 68 552 -0.77447
00000820 260 438 -0.776205
00000820 107 908 -0.77737
00000820 188 248 -0.812677
00000820 468 4 -0.84635
00000820 162 457 -0.889721
00000820 546 464 -0.89828
00000820 605 389 -0.916424
00000820 997 643 -0.933885
00000820 116 660 -0.934613
00000820 320 221 -0.94008
00000820 814 758 -0.957146
00000820 98 753 -0.968208
00000820 913 930 -0.985849
00000820 546 519 -1.0055
00000820 12 625 -1.01163
00000820 169 804 -1.017
00000820 422 543 -1.01713
00000820 831 808 -1.01728
00000820 212 628 -1.03081
00000820 384 556 -1.03837
00000841 56 332 0.601064
00000841 68 347 0.330829
00000841 432 820 -0.62897
00000841 24 236 -0.733473
00000885 76 680 1.77958
00000885 496 396 0.562669
00000885 638 175 0.423524
00000885 132 664 0.378544
00000885 467 453 0.0409424
00000885 920 820 -0.232237
00000885 517 280 -0.236216
00000885 271 551 -0.342425
00000885 990 505 -0.363871
00000885 526 403 -0.424798
00000885 182 590 -0.430021
00000885 693 891 -0.498818
00000885 110 928 -0.597703
00000885 124 48 -0.618162
00000885 4 989 -0.635093
00000885 956 288 -0.641433
00000885 339 491 -0.647374
00000885 310 364 -0.651596
00000885 64 22 -0.686686
00000885 975 556 -0.695732
00000885 733 596 -0.714524
00000885 98 540 -0.720744
00000885 950 778 -0.726763
00000885 824 212 -0.742368
00000885 833 638 -0.747856
00000885 531 221 -0.793572
00000885 932 252 -0.817489
00000885 307 156 -0.818826
00000885 29 645 -0.825468
00000885 16 316 -0.842612
00000885 40 340 -0.871364
00000885 782 640 -0.872678
00000885 548 52 -0.89016
00000885 32 578 -0.891531
00000885 496 436 -0.892425
00000885 921 201 -0.906789
00000885 241 782 -0.910379
00000885 292 356 -0.934512
00000885 411 36 -0.945664
00000885 584 988 -0.954699
00000885 897 944 -0.97172
00000885 712 611 -0.977706
00000885 201 334 -1.00786
00000885 275 666 -1.01615
00000885 997 216 -1.01691
00000885 228 472 -1.04061
00000885 921 977 -1.04219
00000885 344 901 -1.04505
00000885 196 672 -1.04982
00000886 179 624 2.98491
00000886 312 340 1.55193
00000886 453 480 1.34442
00000886 516 424 0.862019
00000886 369 98 0.310642
00000886 533 664 -0.270029
00000886 169 652 -0.366609
00000886 78 152 -0.407192
00000886 379 49 -0.466773
00000886 88 876 -0.46974
00000886 516 648 -0.670875
00000886 184 749 -0.72335
00000886 368 793 -0.740168
00000886 612 100 -0.817022
00000886 484 244 -0.837861
00000886 680 884 -0.857655
00000886 700 64 -0.895988
00000886 992 924 -0.910824
00000886 452 688 -0.911003
00000886 403 113 -0.913284
00000886 454 784 -0.915723
00000886 235 643 -0.955021
00000886 315 389 -0.95695
00000886 157 625 -0.966383
00000886 321 711 -0.975237
00000888 876 544 1.34094
00000888 52 368 0.291064
00000888 925 556 -0.00978749
00000888 408 268 -0.273545
00000888 500 983 -0.345823
00000888 891 749 -0.42622
00000888 944 420 -0.470345
00000888 974 574 -0.485454
00000888 975 625 -0.511402
00000888 840 643 -0.560738
00000888 883 673 -0.612721
00000888 420 1008 -0.692747
00000888 608 644 -0.838
00000888 557 844 -1.00264
00000891 360 673 1.44836
00000891 568 580 0.622529
00000891 92 636 0.442786
00000891 802 511 0.299858
00000891 840 861 0.019163
00000891 364 353 -0.0201784
00000891 946 169 -0.0785242
00000891 398 921 -0.0867722
00000891 828 390 -0.179167
00000891 992 248 -0.31475
00000891 592 546 -0.383771
00000891 168 380 -0.412612
00000891 617 216 -0.464034
00000891 14 664 -0.470301
00000891 308 52 -0.576944
00000891 652 868 -0.585711
00000891 1000 996 -0.612214
00000891 24 460 -0.615957
00000891 908 504 -0.709346
00000891 712 73 -0.713819
00000891 83 359 -0.720647
00000891 804 781 -0.731555
00000891 668 412 -0.733953
00000891 243 689 -0.752309
00000891 601 1001 -0.764431
00000891 881 694 -0.773833
00000891 124 196 -0.820136
00000891 518 454 -0.837077
00000891 748 388 -0.853683
00000891 385 844 -0.861183
00000891 628 652 -0.864334
00000891 179 748 -0.875656
00000891 162 115 -0.877236
00000891 56 684 -0.924723
00000891 569 459 -0.925186
00000891 300 975 -0.931581
00000891 730 840 -0.932219
00000891 408 476 -0.97308
00000891 248 998 -0.979465
00000891 780 792 -0.986324
00000891 5 327 -1.00655
00000891 131 263 -1.01904
00000891 60 868 -1.02593
00000891 36 804 -1.03313
00000891 508 444 -1.04577
00000916 184 150 1.44209
00000916 132 34 1.41551
00000916 205 158 0.37207
00000916 36 252 -0.692493
00000916 96 238 -0.793024
00000916 38 154 -1.02563
00000916 477 714 -1.04254
00000916 388 372 -1.04619
00000931 604 583 1.29254
00000931 600 970 0.828469
00000931 77 38 0.511674
00000931 389 54 0.40324
00000931 938 767 0.248767
00000931 415 4 0.0522706
00000931 536 596 -0.00813264
00000931 472 4 -0.368495
00000931 689 923 -0.508221
00000931 427 13 -0.546857
00000931 943 715 -0.594196
00000931 453 566 -0.603505
00000931 236 792 -0.662625
00000931 308 804 -0.756012
00000931 358 733 -0.773886
00000931 516 624 -0.853183
00000931 441 617 -0.902417
00000931 554 849 -0.941454
00000931 784 814 -0.948121
00000931 788 848 -0.97273
00000931 772 792 -0.983828
00000931 436 560 -0.996187
00000953 51 630 0.823937
00000953 116 752 0.757271
00000953 56 732 -0.611611
00000953 215 560 -0.728544
00000953 944 708 -0.949664
00000953 951 990 -0.949946
00000956 767 133 0.976344
00000956 796 728 0.937267
00000956 680 216 0.482625
00000956 801 964 -0.378629
00000956 775 258 -0.41998
00000956 900 700 -0.508832
00000956 851 768 -0.524439
00000956 736 796 -0.526496
00000956 818 274 -0.700675
00000956 900 804 -0.777742
00000956 675 596 -0.786365
00000956 914 909 -1.02303
00000960 676 116 0.790669
00000960 543 379 0.0892031
00000960 448 339 -0.290934
00000960 928 468 -0.354243
00000960 707 355 -0.596246
00000960 380 396 -0.617655
00000960 932 380 -0.747288
00000960 509 91 -0.994698
00000960 441 321 -1.02273
00000968 183 169 2.0921
00000968 928 754 0.271691
00000968 524 180 0.217903
00000968 232 184 0.128707
00000968 802 153 -0.008138
00000968 280 50 -0.188047
00000968 522 253 -0.294534
00000968 220 56 -0.374325
00000968 532 84 -0.380607
00000968 804 140 -0.615979
00000968 148 400 -0.724083
00000968 621 171 -0.738431
00000968 224 172 -0.738869
00000968 561 4 -0.858282
00000968 244 264 -0.8797
00000968 553 330 -0.886581
00000968 987 459 -0.890256
00000968 580 180 -0.979123
00000968 110 401 -1.02529
00000968 920 796 -1.03043
00000968 712 179 -1.04767
00000970 886 231 -0.580496
00000970 861 450 -0.696101
00000970 955 438 -0.910442
00000970 904 407 -1.03494
00001008 896 260 0.000868868
00001008 374 200 -0.579224
00001008 896 240 -0.685239
00001008 192 428 -0.718908
00001008 556 564 -0.926493
00001008 554 84 -1.04104
00001014 4 339 0.0378102
00001014 308 750 -0.233177
00001014 196 188 -0.46162
00001014 312 715 -0.890726
00001014 720 398 -0.97521
00001027 600 261 1.31893
00001027 725 234 1.28863
00001027 433 557 0.309557
00001027 844 480 -0.0443713
00001027 487 270 -0.0476013
00001027 226 591 -0.0604301
00001027 475 330 -0.154439
00001027 737 621 -0.18234
00001027 457 384 -0.224719
00001027 546 243 -0.234965
00001027 163 253 -0.235628
00001027 844 681 -0.401751
00001027 724 767 -0.431228
00001027 944 996 -0.45122
00001027 832 403 -0.456398
00001027 861 703 -0.471551
00001027 659 448 -0.552735
00001027 128 548 -0.622252
00001027 476 560 -0.630995
00001027 32 767 -0.658078
00001027 887 608 -0.703451
00001027 629 643 -0.739501
00001027 142 753 -0.794528
00001027 828 420 -0.804451
00001027 407 458 -0.847574
00001027 28 932 -0.85303
00001027 172 948 -0.893555
00001027 652 436 -0.898679
00001027 935 546 -0.920761
00001027 285 635 -0.921511
00001027 807 329 -0.955517
00001027 740 560 -0.967861
00001027 870 325 -0.972041
00001027 196 564 -1.00935
00001027 460 1008 -1.0324
00001040 791 321 2.4678
00001040 654 522 1.69433
00001040 496 758 1.51034
00001040 716 758 1.49183
00001040 610 960 0.92391
00001040 981 427 0.720368
00001040 527 659 0.465339
00001040 994 407 0.142863
00001040 536 644 0.0370731
00001040 951 467 0.0308975
00001040 928 501 -0.29135
00001040 780 347 -1.00804
00001040 965 448 -1.04887
00001042 979 34 0.052047
00001056 427 564 -0.127767
00001056 404 812 -0.802411
00001056 349 896 -0.943233
00001056 812 100 -1.00678
00001065 408 36 -0.406808
00001065 362 41 -0.553183
00001065 448 411 -0.724107
00001065 707 923 -0.754388
00001065 887 947 -0.76315
00001065 744 717 -0.792655
00001065 490 15 -0.861411
00001065 786 791 -0.876864
00001065 780 608 -0.957478
00001065 450 64 -0.995751
00001086 137 990 0.721297
00001086 94 965 0.481422
00001086 120 921 0.296873
00001086 124 861 -0.743818
00001086 92 956 -0.974686
00001086 84 908 -1.00086
00001097 709 64 2.10596
00001097 295 279 0.931745
00001097 707 121 0.526732
00001097 689 142 -0.167721
00001097 946 4 -0.448737
00001097 280 292 -1.03176
00001111 474 701 0.887609
00001111 68 395 0.155956
00001111 474 870 0.121724
00001111 137 312 0.0206272
00001111 165 317 -0.484191
00001111 471 973 -0.523066
00001111 625 822 -0.552468
00001111 427 981 -0.590156
00001111 118 251 -0.607798
00001111 636 812 -0.743589
00001111 359 418 -0.778013
00001111 595 806 -0.784891
00001111 666 702 -0.849639
00001111 458 321 -0.88482
00001111 728 628 -0.967436
00001111 467 853 -1.00932
00001119 144 612 1.33614
00001124 496 772 1.72196
00001124 812 4 -0.750728
00001140 147 611 1.17646
00001140 225 464 -0.443247
00001140 270 433 -0.862128
00001140 295 459 -0.928263
00001146 244 561 -0.767904
00001146 690 167 -0.954986
00001146 828 174 -1.00833
00001146 930 128 -1.02627
00001158 418 310 0.0938332
00001158 648 428 -0.0935495
00001158 643 813 -0.140672
00001158 376 676 -0.173296
00001158 450 987 -0.244204
00001158 585 485 -0.309793
00001158 335 473 -0.443434
00001158 523 510 -0.485139
00001158 389 453 -0.687441
00001158 533 374 -0.772679
00001158 524 360 -0.796134
00001158 638 728 -0.843387
00001158 420 528 -0.844691
00001158 492 880 -0.86057
00001158 546 312 -0.906066
00001158 970 960 -0.914659
00001158 428 488 -0.95112
00001158 376 556 -0.978278
00001158 340 384 -0.981728
00001158 308 24 -0.985804
00001158 712 918 -1.00877
00001158 473 59 -1.01958
00001158 702 891 -1.03017
00001158 616 820 -1.03506
00001178 137 44 1.29782
00001178 68 128 0.666996
00001178 15 21 -0.3422
00001178 240 44 -0.513916
00001178 132 30 -0.584784
00001178 260 36 -0.725658
00001178 201 278 -0.73277
00001178 96 137 -0.764155
00001178 208 36 -0.770435
00001178 228 284 -0.87948
00001183 316 912 1.71811
00001183 692 1004 -0.40376
00001183 723 955 -0.910038
00001193 415 64 -0.211229
00001193 822 329 -0.940928
00001193 448 596 -0.983994
00001193 578 158 -1.0233
00001209 992 47 1.52996
00001209 988 36 -0.0301939
00001209 860 292 -0.825047
00001209 988 204 -0.978255
00001216 973 415 0.594988
00001216 744 612 0.115749
00001216 339 512 -0.171033
00001216 395 480 -0.243502
00001216 415 158 -0.281438
00001216 416 5 -0.301587
00001216 52 572 -0.400598
00001216 1003 124 -0.40345
00001216 54 585 -0.645889
00001216 462 684 -0.662436
00001216 839 216 -0.758031
00001216 464 583 -0.759163
00001216 206 22 -0.759458
00001216 468 620 -0.774834
00001216 388 400 -0.774952
00001216 415 235 -0.799945
00001216 47 741 -0.818468
00001216 543 559 -0.859789
00001216 686 659 -0.914734
00001216 972 396 -0.920168
00001216 381 475 -0.959386
00001216 928 4 -0.962745
00001216 261 225 -0.971237
00001216 620 941 -0.982802
00001216 621 998 -0.987698
00001216 416 390 -0.996132
00001216 853 304 -1.00382
00001216 612 924 -1.0322
00001216 180 948 -1.04557
00001216 258 5 -1.04667
00001216 857 47 -1.04912
00001218 468 78 0.866507
00001218 428 236 -0.411917
00001218 502 231 -0.563557
00001218 754 227 -0.827447
00001221 788 404 -0.644145
00001225 679 427 0.654065
00001225 670 362 0.463879
00001225 581 920 0.386561
00001225 724 330 0.0904572
00001225 812 385 -0.0190286
00001225 583 445 -0.0925196
00001225 635 684 -0.382443
00001225 698 814 -0.639603
00001225 994 218 -0.68941
00001225 923 707 -0.853679
00001225 647 372 -1.01584
00001225 728 842 -1.03069
00001225 870 655 -1.04422
00001233 72 980 0.458147
00001233 453 923 -0.236833
00001233 96 997 -0.491445
00001233 89 934 -0.646459
00001233 348 932 -0.671041
00001233 353 5 -0.817225
00001233 390 904 -0.899466
00001233 348 955 -0.915043
00001233 930 514 -0.930386
00001233 228 220 -0.99072
00001233 329 817 -1.02623
00001238 151 592 1.02267
00001238 68 13 -0.773633
00001238 68 180 -1.03758
00001247 389 768 2.15326
00001247 509 661 -0.670347
00001247 90 711 -0.898597
00001247 376 300 -0.962109
00001247 476 220 -0.994252
