00000009 47 89 0.00819527
00000009 124 81 -0.735207
00000009 941 32 -0.798609
00000009 98 60 -0.835708
00000009 270 938 -0.886801
00000009 408 601 -0.954961
00000009 904 664 -0.965661
00000020 308 292 1.28276
00000020 278 857 -0.662955
00000020 951 735 -0.780858
00000020 860 644 -0.942902
00000020 972 760 -0.996938
00000020 780 572 -1.03802
00000021 758 188 0.619141
00000021 773 123 0.186104
00000021 764 32 0.096038
00000021 989 182 -0.237761
00000021 743 763 -0.343402
00000021 749 269 -0.388865
00000021 930 507 -0.632906
00000021 998 21 -0.648582
00000021 624 225 -0.714378
00000021 828 988 -0.744155
00000021 739 813 -0.83255
00000021 901 507 -0.864753
00000021 732 908 -0.906742
00000021 844 228 -0.974059
00000021 468 604 -1.02579
00000021 924 948 -1.03276
00000021 989 507 -1.03341
00000052 115 917 1.9257
00000052 64 433 0.85448
00000052 172 664 0.778437
00000052 344 215 0.756937
00000052 818 216 0.584356
00000052 156 684 0.362591
00000052 68 395 0.146399
00000052 188 648 0.0474768
00000052 150 295 -0.0199068
00000052 887 630 -0.0579945
00000052 876 604 -0.131556
00000052 38 510 -0.208585
00000052 756 580 -0.319434
00000052 900 660 -0.405965
00000052 406 485 -0.456837
00000052 321 150 -0.471698
00000052 44 452 -0.494826
00000052 535 643 -0.502288
00000052 268 148 -0.601591
00000052 32 555 -0.622774
00000052 452 504 -0.655053
00000052 408 606 -0.842054
00000052 343 42 -0.846705
00000052 241 192 -0.851681
00000052 868 721 -0.87408
00000052 564 691 -0.884846
00000052 501 330 -0.887082
00000052 793 870 -0.900174
00000052 47 205 -0.919799
00000052 765 596 -0.933049
00000052 785 951 -0.942865
00000052 416 517 -0.95913
00000052 132 904 -0.961048
00000052 201 78 -0.988663
00000052 905 675 -1.00106
00000052 904 570 -1.00316
00000062 84 696 1.2946
00000062 51 304 1.21278
00000062 158 411 0.728712
00000062 201 844 0.320228
00000062 767 668 0.181497
00000062 188 527 0.123177
00000062 998 162 -0.290743
00000062 295 4 -0.300882
00000062 677 467 -0.30714
00000062 891 541 -0.350487
00000062 197 739 -0.489935
00000062 13 739 -0.499401
00000062 668 652 -0.541738
00000062 736 540 -0.60022
00000062 84 292 -0.624142
00000062 167 321 -0.630059
00000062 349 320 -0.69742
00000062 436 648 -0.700192
00000062 320 709 -0.74115
00000062 611 611 -0.741514
00000062 844 21 -0.779738
00000062 64 728 -0.815414
00000062 786 712 -0.829844
00000062 902 744 -0.834667
00000062 145 107 -0.86818
00000062 184 801 -0.877688
00000062 924 636 -0.893157
00000062 303 702 -0.904419
00000062 27 592 -0.916633
00000062 228 12 -0.9181
00000062 443 241 -0.919952
00000062 812 352 -0.92101
00000062 820 676 -0.927652
00000062 557 287 -0.96301
00000062 978 716 -0.977593
00000062 52 876 -0.98922
00000062 785 565 -1.01766
00000062 64 443 -1.01797
00000062 20 680 -1.02706
00000062 142 693 -1.02988
00000062 758 684 -1.04268
00000082 647 128 2.26084
00000082 251 551 1.87228
00000082 300 404 0.305728
00000082 364 782 0.269218
00000082 330 298 0.000339008
00000082 241 768 -0.0051486
00000082 227 977 -0.00769127
00000082 901 4 -0.224696
00000082 536 764 -0.280033
00000082 708 44 -0.324072
00000082 532 320 -0.328897
00000082 500 684 -0.41538
00000082 188 431 -0.474764
00000082 868 4 -0.578445
00000082 169 183 -0.593957
00000082 364 540 -0.665406
00000082 321 124 -0.726057
00000082 868 1004 -0.740038
00000082 580 508 -0.752634
00000082 433 210 -0.75394
00000082 324 76 -0.846015
00000082 308 348 -0.846887
00000082 140 164 -0.88552
00000082 260 948 -0.8919
00000082 215 914 -0.90008
00000082 475 218 -0.90434
00000082 120 356 -0.90531
00000082 807 15 -0.913065
00000082 68 612 -0.985759
00000082 675 114 -1.01123
00000082 163 870 -1.03129
00000082 620 4 -1.03652
00000155 666 312 0.408978
00000155 802 231 -0.53078
00000155 818 222 -0.741598
00000155 484 647 -0.80843
00000155 715 381 -0.930974
00000169 21 934 0.652205
00000169 20 924 -0.738557
00000169 211 861 -0.839988
00000169 100 816 -0.849679
00000169 15 791 -0.910184
00000192 64 290 0.788633
00000192 108 92 0.328418
00000192 280 4 0.185378
00000192 566 487 -0.461991
00000192 201 295 -0.618695
00000192 172 76 -0.752204
00000192 220 252 -0.753365
00000192 453 490 -0.792006
00000192 244 428 -0.983092
00000220 398 715 1.29855
00000220 321 703 0.982244
00000220 628 692 -0.351166
00000220 544 644 -0.413901
00000220 91 151 -0.459735
00000220 664 733 -0.499404
00000220 321 625 -0.789798
00000220 591 860 -0.82779
00000220 500 895 -0.978486
00000220 332 944 -0.990998
00000223 172 856 0.9998
00000223 512 372 0.957704
00000223 150 891 0.760342
00000223 676 260 0.00084723
00000223 560 380 -0.162785
00000223 541 704 -0.385021
00000223 583 702 -0.402154
00000223 295 411 -0.403174
00000223 482 379 -0.464218
00000223 669 979 -0.527542
00000223 804 244 -0.572853
00000223 778 290 -0.633346
00000223 585 723 -0.726424
00000223 5 269 -0.739516
00000223 836 321 -0.780046
00000223 721 280 -0.781566
00000223 531 379 -0.81037
00000223 771 475 -0.827595
00000223 693 1001 -0.834561
00000223 505 613 -0.844062
00000223 542 767 -0.846943
00000223 853 338 -0.850549
00000223 524 596 -0.908699
00000223 786 506 -0.92393
00000223 306 754 -0.938178
00000223 353 311 -0.942951
00000223 574 707 -0.960859
00000223 839 379 -0.978869
00000223 839 221 -1.00202
00000226 690 338 -0.165
00000226 628 404 -0.365047
00000226 684 188 -0.726193
00000226 716 356 -0.784075
00000226 592 381 -0.882189
00000226 511 585 -0.912803
00000226 450 733 -1.00785
00000226 556 763 -1.01812
00000226 5 986 -1.0191
00000230 876 452 1.05615
00000230 221 802 0.979167
00000230 788 124 0.18181
00000230 941 464 0.146422
00000230 831 234 -0.0882764
00000230 973 4 -0.191205
00000230 881 469 -0.453888
00000230 290 986 -0.480822
00000230 851 201 -0.600477
00000230 1004 384 -0.723315
00000230 767 215 -0.742125
00000230 741 192 -0.75347
00000230 712 216 -0.846719
00000230 823 604 -0.852928
00000230 278 977 -0.900934
00000230 707 72 -0.902771
00000230 812 228 -0.927897
00000230 752 76 -0.980311
00000230 853 488 -1.04371
00000241 52 588 0.897513
00000241 981 342 0.236596
00000241 989 650 -0.0409247
00000241 960 718 -0.0660323
00000241 500 992 -0.0813941
00000241 450 252 -0.0999622
00000241 784 501 -0.103288
00000241 381 831 -0.307002
00000241 505 861 -0.460689
00000241 979 689 -0.554858
00000241 986 401 -0.655896
00000241 308 684 -0.700206
00000241 828 276 -0.830006
00000241 292 808 -0.840982
00000241 68 591 -0.872091
00000241 921 647 -0.884142
00000241 296 700 -0.901795
00000241 604 887 -0.926773
00000241 78 467 -0.93076
00000241 501 1002 -0.966746
00000241 628 812 -0.982501
00000241 916 700 -1.02992
00000241 320 339 -1.0399
00000248 48 116 1.41562
00000248 253 723 1.1677
00000248 36 564 0.659585
00000248 252 707 0.111786
00000248 859 900 -0.0170074
00000248 861 784 -0.542112
00000248 836 928 -0.592448
00000248 244 916 -0.703833
00000248 854 26 -0.77033
00000248 595 192 -0.816484
00000248 105 748 -0.826055
00000248 388 40 -0.830277
00000248 384 556 -0.832109
00000248 102 604 -0.842491
00000248 172 753 -0.855256
00000248 121 385 -0.859317
00000248 183 261 -0.860953
00000248 427 860 -0.864179
00000248 400 652 -0.881965
00000248 163 881 -0.89059
00000248 690 282 -0.895644
00000248 972 144 -0.935696
00000248 165 849 -0.949094
00000248 81 278 -0.956666
00000248 570 124 -0.975716
00000248 408 787 -1.01161
00000248 412 640 -1.03917
00000260 261 124 1.42975
00000260 147 215 0.507117
00000260 148 196 -0.740112
00000260 90 351 -0.964813
00000260 4 175 -1.01331
00000281 444 872 0.516341
00000281 800 732 0.366017
00000281 601 142 -0.0215673
00000281 733 123 -0.332446
00000281 881 221 -0.351516
00000281 750 540 -0.417636
00000281 868 326 -0.459606
00000281 997 261 -0.574958
00000281 167 102 -0.584228
00000281 473 872 -0.77077
00000281 21 94 -0.77184
00000281 807 744 -0.837202
00000281 969 206 -0.904668
00000281 808 638 -0.913739
00000281 881 284 -0.98497
00000281 844 347 -0.993481
00000281 87 101 -1.01688
00000281 596 124 -1.02393
00000281 511 58 -1.02888
00000283 78 951 0.332778
00000283 524 340 0.209609
00000283 79 501 0.148554
00000283 278 360 -0.0535451
00000283 356 156 -0.0552716
00000283 158 527 -0.193678
00000283 54 379 -0.237852
00000283 578 471 -0.566334
00000283 4 968 -0.701973
00000283 76 928 -0.731513
00000283 76 492 -0.768619
00000283 79 833 -0.852023
00000283 329 320 -0.89439
00000283 500 132 -0.902376
00000283 172 448 -0.907027
00000283 583 424 -0.908711
00000283 379 349 -0.921398
00000283 418 666 -0.967053
00000283 252 248 -0.970967
00000283 492 192 -0.97255
00000283 418 174 -1.03199
00000287 220 768 -0.283727
00000287 532 828 -0.419691
00000287 659 58 -0.652738
00000287 96 32 -0.887364
00000287 601 142 -0.985668
00000287 307 114 -1.02038
00000291 536 221 0.448621
00000291 252 694 0.106301
00000291 304 621 -0.112652
00000291 398 887 -0.123309
00000291 332 443 -0.264287
00000291 372 324 -0.343218
00000291 569 300 -0.440751
00000291 846 4 -0.507902
00000291 96 225 -0.519229
00000291 876 140 -0.685098
00000291 76 44 -0.694509
00000291 21 38 -0.762686
00000291 201 381 -0.808025
00000291 424 505 -0.810149
00000291 236 4 -0.811995
00000291 184 518 -0.856477
00000291 908 80 -0.867617
00000291 268 616 -0.957953
00000291 740 380 -0.976524
00000291 81 244 -1.01638
00000291 707 921 -1.03792
00000291 921 94 -1.04903
00000293 870 585 2.1754
00000318 712 854 2.01684
00000318 700 852 0.264771
00000328 971 670 0.568924
00000328 976 649 -0.733469
00000328 964 668 -0.891921
00000338 362 735 1.29148
00000338 119 565 1.09787
00000338 475 372 -0.02333
00000338 167 690 -0.0332206
00000338 179 289 -0.453895
00000338 20 948 -0.496854
00000338 518 926 -0.51983
00000338 76 892 -0.569426
00000338 570 553 -0.674165
00000338 12 111 -0.695855
00000338 4 326 -0.710871
00000338 110 243 -0.711968
00000338 940 640 -0.731542
00000338 272 556 -0.75139
00000338 902 269 -0.775823
00000338 675 27 -0.784623
00000338 290 654 -0.815141
00000338 415 411 -0.815202
00000338 148 632 -0.845433
00000338 68 200 -0.851209
00000338 638 15 -0.853342
00000338 844 376 -0.885215
00000338 64 947 -0.929078
00000338 964 720 -0.94295
00000338 271 629 -0.951124
00000338 596 63 -0.954081
00000338 989 4 -0.956775
00000338 124 924 -0.958717
00000338 524 16 -0.959257
00000338 123 260 -0.959396
00000338 114 362 -0.973774
00000338 460 352 -1.02388
00000338 517 403 -1.04749
00000347 80 892 0.132811
00000347 152 876 0.0860341
00000348 664 871 -0.150411
00000348 452 724 -0.996814
00000371 175 501 -0.0858185
00000371 231 979 -0.105484
00000371 327 923 -0.198328
00000371 261 390 -0.288301
00000371 25 150 -0.422316
00000371 308 980 -0.585019
00000371 336 964 -0.641253
00000371 320 908 -0.757763
00000371 316 986 -0.91088
00000371 348 1008 -0.910895
00000371 5 269 -0.975651
00000371 220 388 -1.00895
00000371 201 921 -1.02576
00000380 556 108 -0.261152
00000380 511 142 -0.704231
00000380 47 5 -0.776409
00000380 188 50 -0.782114
00000380 842 398 -0.784173
00000380 708 4 -0.875868
00000380 839 158 -0.937408
00000380 228 72 -0.951161
00000380 674 182 -0.983677
00000380 492 148 -1.01544
00000403 895 923 1.0968
00000403 76 580 0.575104
00000403 673 943 0.08701
00000403 21 535 -0.0122443
00000403 664 977 -0.152016
00000403 436 960 -0.230706
00000403 647 951 -0.308734
00000403 196 516 -0.431991
00000403 822 925 -0.519931
00000403 604 913 -0.680442
00000403 536 822 -0.708824
00000403 54 305 -0.721997
00000403 196 440 -0.81302
00000403 891 851 -0.838569
00000403 844 960 -0.882956
00000403 956 704 -0.893232
00000403 271 519 -0.993104
00000403 68 444 -0.994039
00000414 68 852 0.0406752
00000414 702 124 -0.146557
00000414 156 400 -0.260453
00000414 64 145 -0.436419
00000414 497 201 -0.516787
00000414 676 132 -0.658339
00000414 34 792 -0.799928
00000414 212 692 -0.935659
00000414 654 73 -0.936175
00000414 364 36 -0.946509
00000414 316 208 -0.97257
00000414 292 352 -0.974794
00000414 490 237 -1.00481
00000414 215 431 -1.03215
00000414 420 28 -1.04197
00000414 659 58 -1.04423
00000427 765 585 0.9286
00000427 100 965 0.12723
00000427 748 588 0.0202217
00000427 500 544 -0.00660559
00000427 436 332 -0.156212
00000427 468 212 -0.193269
00000427 287 853 -0.275811
00000427 801 518 -0.315567
00000427 448 453 -0.326558
00000427 324 844 -0.340022
00000427 493 608 -0.507794
00000427 606 527 -0.662935
00000427 526 581 -0.688298
00000427 588 944 -0.909207
00000427 482 418 -0.996043
00000427 172 694 -1.02491
00000444 837 192 0.428369
00000444 840 68 0.217285
00000444 844 171 -0.925948
00000444 852 208 -0.967436
00000444 583 353 -0.97813
00000447 332 591 0.645796
00000447 475 158 0.359932
00000447 782 955 -0.18256
00000447 316 584 -0.310745
00000447 526 285 -0.47507
00000447 339 702 -0.478847
00000447 785 863 -0.551193
00000447 162 462 -0.587651
00000447 891 556 -0.771028
00000447 428 817 -0.83461
00000447 828 856 -0.876197
00000447 807 939 -0.899263
00000447 807 617 -0.948076
00000447 436 860 -0.963109
00000447 691 5 -1.02188
00000447 733 533 -1.03135
00000447 395 617 -1.04337
00000452 244 492 0.994948
00000452 4 276 -0.584008
00000452 30 480 -0.754229
00000452 353 659 -0.770451
00000452 4 236 -0.859672
00000452 304 561 -0.948626
00000452 14 536 -0.99437
00000452 123 556 -1.00067
00000452 868 336 -1.01457
00000462 501 304 1.65662
00000462 420 312 1.13826
00000462 224 532 0.695553
00000462 216 306 0.32417
00000462 110 691 0.235036
00000462 538 269 0.126002
00000462 540 540 0.123416
00000462 810 150 0.0149071
00000462 79 58 -0.0989482
00000462 728 647 -0.239904
00000462 812 348 -0.343586
00000462 502 192 -0.432841
00000462 864 316 -0.440898
00000462 502 241 -0.471596
00000462 836 236 -0.499025
00000462 728 595 -0.567706
00000462 792 652 -0.573553
00000462 321 675 -0.580829
00000462 533 934 -0.655157
00000462 924 596 -0.674469
00000462 58 511 -0.677273
00000462 295 90 -0.690573
00000462 832 162 -0.709727
00000462 921 720 -0.712451
00000462 831 252 -0.74859
00000462 649 269 -0.757174
00000462 224 660 -0.774534
00000462 566 152 -0.799308
00000462 290 36 -0.809844
00000462 300 260 -0.823501
00000462 828 692 -0.826625
00000462 4 348 -0.867442
00000462 415 137 -0.883684
00000462 441 535 -0.902261
00000462 868 276 -0.912296
00000462 338 544 -0.9184
00000462 676 668 -0.963409
00000462 522 548 -0.979926
00000462 58 147 -1.01557
00000465 804 552 1.69166
00000465 243 872 0.962723
00000465 195 907 0.673817
00000465 158 866 0.669672
00000465 849 730 0.610837
00000465 775 364 0.422597
00000465 701 575 0.403596
00000465 802 329 0.263447
00000465 553 814 0.194181
00000465 58 902 0.158198
00000465 1004 604 0.141921
00000465 179 480 -0.0634966
00000465 564 548 -0.250161
00000465 758 725 -0.29511
00000465 4 718 -0.37625
00000465 81 330 -0.440257
00000465 5 533 -0.452813
00000465 215 817 -0.458681
00000465 395 997 -0.482303
00000465 148 904 -0.508855
00000465 321 433 -0.536857
00000465 450 745 -0.559786
00000465 782 861 -0.583601
00000465 251 600 -0.588109
00000465 620 976 -0.643876
00000465 836 776 -0.645763
00000465 836 492 -0.654168
00000465 500 969 -0.675939
00000465 564 153 -0.681293
00000465 964 504 -0.693514
00000465 150 960 -0.700414
00000465 684 399 -0.75694
00000465 564 200 -0.81895
00000465 221 970 -0.839959
00000465 469 369 -0.866837
00000465 169 666 -0.887547
00000465 467 290 -0.889861
00000465 804 817 -0.8911
00000465 578 510 -0.901805
00000465 947 968 -0.904471
00000465 269 68 -0.918835
00000465 596 860 -0.92201
00000465 500 736 -0.924681
00000465 473 900 -0.936499
00000465 721 859 -0.946932
00000465 47 807 -0.952351
00000465 730 225 -0.956217
00000465 226 765 -0.962176
00000465 932 636 -0.963205
00000465 629 59 -0.97224
00000465 900 312 -0.982994
00000465 174 47 -0.998733
00000465 578 986 -1.02567
00000465 733 617 -1.03665
00000468 877 376 0.853956
00000468 818 638 0.309824
00000468 828 616 0.255446
00000468 748 984 0.171566
00000468 868 404 0.155416
00000468 651 90 0.108013
00000468 871 334 0.0586909
00000468 807 179 -0.108062
00000468 724 204 -0.466656
00000468 716 120 -0.49317
00000468 754 517 -0.567703
00000468 900 828 -0.597448
00000468 693 491 -0.747568
00000468 861 59 -0.76109
00000468 775 265 -0.772494
00000468 670 596 -0.8009
00000468 684 196 -0.858865
00000468 595 938 -0.878541
00000468 802 300 -0.881316
00000468 796 533 -0.948643
00000468 654 201 -0.982159
00000468 692 548 -0.988439
00000468 698 72 -1.02226
00000471 587 493 2.29133
00000471 141 947 2.24503
00000471 635 251 1.73651
00000471 500 390 1.4616
00000471 300 556 1.36946
00000471 160 698 1.22109
00000471 596 564 1.16657
00000471 140 268 0.869458
00000471 158 205 0.189424
00000471 487 674 0.16761
00000471 364 533 0.0542931
00000471 427 691 -0.267037
00000471 107 338 -0.607441
00000471 372 444 -0.64221
00000471 390 418 -0.704074
00000471 469 701 -0.75081
00000471 36 300 -0.785657
00000471 353 459 -0.898673
00000471 348 548 -0.962242
00000471 4 128 -0.965828
00000471 251 438 -0.968412
00000471 420 688 -0.976984
00000471 555 537 -0.994183
00000477 150 998 1.19428
00000477 423 408 1.02088
00000477 480 248 -0.185751
00000477 973 801 -0.654932
00000477 492 236 -0.673078
00000477 93 517 -0.687948
00000477 702 932 -0.786652
00000477 480 279 -0.822725
00000477 251 172 -0.851154
00000477 476 332 -0.993774
00000477 638 971 -0.994922
00000477 244 167 -1.00667
00000477 721 905 -1.02657
00000502 712 701 2.11374
00000502 741 810 0.774312
00000502 938 655 0.266205
00000502 528 638 0.0372617
00000502 828 717 -0.186924
00000502 733 689 -0.569644
00000502 535 690 -0.752387
00000502 708 924 -0.841702
00000502 601 693 -0.940663
00000502 585 701 -1.00096
00000502 681 673 -1.01909
00000502 923 716 -1.03085
00000502 4 154 -1.04113
00000511 980 84 1.37707
00000511 308 908 0.903409
00000511 891 29 0.381694
00000511 988 140 0.0661755
00000511 660 172 -0.206402
00000511 664 162 -0.224888
00000511 620 76 -0.646762
00000511 604 304 -0.798301
00000511 232 940 -0.900445
00000525 564 263 1.50944
00000525 509 307 1.22335
00000525 338 81 0.449952
00000525 556 256 0.438477
00000525 436 284 0.249853
00000525 583 156 -0.210669
00000525 714 128 -0.519874
00000525 497 157 -0.576456
00000525 548 508 -0.638952
00000525 330 115 -0.733202
00000525 349 59 -0.86265
00000525 681 265 -0.952191
00000525 492 304 -1.00669
00000536 754 205 0.710141
00000536 670 707 0.207494
00000536 763 34 -0.617734
00000536 891 280 -0.703846
00000536 748 196 -0.794078
00000536 840 261 -0.924813
00000536 723 131 -0.985691
00000536 780 56 -0.991911
00000538 616 324 1.39341
00000538 703 270 1.3642
00000538 861 457 0.636067
00000538 675 528 -0.37452
00000538 604 100 -0.570232
00000538 654 457 -0.699906
00000538 487 379 -0.782001
00000538 849 785 -0.788592
00000538 852 444 -0.806905
00000538 606 110 -0.810179
00000538 595 561 -0.831348
00000538 691 248 -0.859497
00000538 965 728 -0.912049
00000538 517 113 -0.937646
00000538 973 475 -0.948613
00000538 5 100 -0.997368
00000538 955 559 -1.00399
00000544 432 756 0.385204
00000544 535 977 -0.0338631
00000544 390 601 -0.17577
00000544 450 690 -0.233646
00000544 381 4 -0.478427
00000544 965 142 -0.553353
00000544 595 840 -0.715535
00000544 716 844 -0.814339
00000544 4 482 -0.849775
00000544 343 290 -0.914698
00000544 438 901 -0.923856
00000544 707 398 -1.03437
00000544 540 716 -1.0382
00000544 132 527 -1.04399
00000549 696 68 -0.49161
00000549 225 225 -0.573441
00000549 356 164 -0.690314
00000549 408 116 -0.731787
00000549 443 93 -0.922808
00000566 87 321 0.482331
00000566 298 261 0.0343511
00000566 24 615 -0.338467
00000566 908 756 -0.366429
00000566 860 764 -0.593545
00000566 701 944 -0.771929
00000566 285 517 -0.822305
00000566 248 459 -0.830929
00000566 343 290 -0.883106
00000566 206 675 -0.888217
00000566 905 647 -0.919517
00000566 153 569 -0.968994
00000566 738 694 -0.992076
00000566 881 986 -0.999735
00000566 38 510 -1.01191
00000566 168 744 -1.0196
00000566 100 216 -1.03438
00000595 353 487 1.26097
00000595 436 395 0.828717
00000595 148 872 0.761447
00000595 381 638 0.556092
00000595 364 360 0.122487
00000595 152 477 0.056013
00000595 914 307 -0.0142096
00000595 364 220 -0.0454103
00000595 153 881 -0.195603
00000595 868 408 -0.302583
00000595 58 796 -0.541454
00000595 536 980 -0.610452
00000595 508 428 -0.618611
00000595 167 167 -0.620871
00000595 380 892 -0.64751
00000595 355 355 -0.678249
00000595 575 902 -0.681723
00000595 79 453 -0.704366
00000595 167 321 -0.704814
00000595 87 804 -0.843377
00000595 68 849 -0.857312
00000595 13 698 -0.889312
00000595 448 12 -0.89398
00000595 60 840 -0.956589
00000595 116 628 -0.959555
00000595 540 320 -0.975296
00000626 290 650 0.858148
00000626 89 723 0.714259
00000626 251 566 0.544846
00000626 260 743 0.114935
00000626 47 574 -0.343023
00000626 192 535 -0.460074
00000626 52 688 -0.474051
00000626 4 820 -0.777456
00000626 4 428 -0.846902
00000626 822 597 -0.880595
00000626 460 916 -0.896434
00000626 295 694 -0.900594
00000626 900 980 -0.922656
00000636 645 940 0.0741862
00000636 741 844 -0.0948448
00000636 702 914 -0.356036
00000636 664 866 -0.498882
00000636 776 882 -0.500128
00000636 878 158 -0.508252
00000636 445 390 -0.621367
00000636 964 796 -0.677344
00000636 507 861 -0.752701
00000636 673 681 -0.873323
00000636 638 886 -0.879006
00000636 708 784 -0.933803
00000636 859 845 -0.953623
00000636 902 939 -0.977273
00000641 72 484 -0.139819
00000641 537 413 -0.688198
00000641 844 52 -0.80648
00000641 517 290 -0.851104
00000641 881 34 -0.943712
00000641 36 364 -0.956805
00000641 12 493 -0.981503
00000641 596 24 -1.04172
00000642 677 938 0.465133
00000642 914 941 0.369527
00000642 148 176 -0.333221
00000642 763 24 -0.470269
00000642 47 47 -0.621646
00000642 681 934 -0.633219
00000642 712 87 -0.705334
00000642 473 854 -0.747439
00000642 4 4 -0.855304
00000642 142 59 -0.998153
00000654 960 78 2.57544
00000654 861 128 2.50667
00000654 407 613 1.43085
00000654 741 265 1.06003
00000654 226 765 1.02766
00000654 578 424 0.682973
00000654 507 517 0.63577
00000654 621 540 0.3985
00000654 638 316 0.346347
00000654 212 772 -0.197711
00000654 724 276 -0.28511
00000654 482 997 -0.302468
00000654 944 211 -0.65286
00000654 596 411 -0.689781
00000654 404 576 -0.774069
00000654 477 393 -1.01403
00000654 436 648 -1.02925
00000654 237 913 -1.03103
00000662 34 310 0.778521
00000662 849 96 0.09814
00000662 849 817 -0.153329
00000662 994 152 -0.173381
00000662 849 900 -0.261555
00000662 780 356 -0.44873
00000662 932 860 -0.531465
00000662 836 877 -0.58342
00000662 26 390 -0.596174
00000662 24 182 -0.617352
00000662 831 661 -0.646146
00000662 989 393 -0.761589
00000662 4 932 -0.762331
00000662 32 367 -0.778826
00000662 289 454 -0.791897
00000662 524 828 -0.808671
00000662 973 4 -0.810427
00000662 87 941 -0.903574
00000662 428 960 -0.961432
00000662 934 881 -0.969003
00000662 412 956 -0.96934
00000662 940 412 -0.96952
00000662 944 854 -1.02221
00000664 748 969 0.403859
00000664 836 758 0.0204582
00000664 756 128 -0.0381699
00000664 756 16 -0.511836
00000664 148 292 -0.716925
00000664 427 411 -0.745225
00000664 340 172 -0.762283
00000664 96 670 -0.779589
00000664 380 908 -0.795716
00000664 743 433 -0.811846
00000664 188 785 -0.826727
00000664 804 700 -0.827544
00000664 78 802 -0.859912
00000664 754 263 -0.866933
00000664 648 916 -0.881455
00000664 192 908 -0.890974
00000664 73 891 -0.926298
00000664 972 528 -0.947041
00000664 743 521 -0.94965
00000664 796 972 -0.952225
00000664 244 998 -0.966697
00000664 36 292 -0.9921
00000664 141 47 -0.999759
00000664 802 121 -1.0028
00000664 30 175 -1.0041
00000664 142 909 -1.0131
00000664 820 164 -1.01983
00000664 82 666 -1.02076
00000664 284 908 -1.0299
00000664 836 304 -1.03984
00000664 741 394 -1.04129
00000664 28 532 -1.04552
00000666 691 839 1.31175
00000666 796 232 0.622767
00000666 676 844 0.365981
00000666 629 234 -0.342343
00000666 212 980 -0.503208
00000666 476 692 -0.505766
00000666 44 644 -0.508416
00000666 156 324 -0.544877
00000666 268 212 -0.565487
00000666 700 236 -0.586124
00000666 270 535 -0.622027
00000666 278 643 -0.650732
00000666 164 212 -0.654592
00000666 160 758 -0.665687
00000666 684 664 -0.708237
00000666 621 668 -0.714359
00000666 47 210 -0.721311
00000666 369 728 -0.731067
00000666 476 544 -0.740732
00000666 477 260 -0.743477
00000666 156 644 -0.761893
00000666 793 668 -0.772098
00000666 268 420 -0.772678
00000666 156 424 -0.791487
00000666 473 390 -0.805958
00000666 956 235 -0.829048
00000666 156 984 -0.831697
00000666 152 871 -0.873098
00000666 44 756 -0.879396
00000666 44 871 -0.897625
00000666 537 638 -0.916955
00000666 475 741 -0.920102
00000666 620 147 -0.972013
00000666 527 796 -0.98802
00000666 380 212 -0.996945
00000666 55 98 -1.00772
00000666 482 408 -1.03975
00000666 914 110 -1.04573
00000668 748 36 0.579046
00000668 112 412 0.282778
00000668 748 68 -0.0992108
00000668 452 968 -0.314763
00000668 595 72 -0.386772
00000668 1012 836 -0.407425
00000668 827 85 -0.537606
00000668 546 177 -0.646465
00000668 543 422 -0.66403
00000668 501 348 -0.71596
00000668 570 463 -0.751134
00000668 970 590 -0.855465
00000668 475 282 -0.862996
00000668 628 904 -0.881864
00000668 511 290 -0.88833
00000668 270 591 -0.911478
00000668 448 524 -0.990424
00000668 905 964 -1.00065
00000668 64 312 -1.00272
00000668 512 221 -1.00551
00000668 482 349 -1.04302
00000700 59 629 1.83346
00000700 956 917 1.00048
00000700 896 4 -0.163564
00000700 753 497 -0.412153
00000700 44 132 -0.61111
00000700 992 4 -0.61268
00000700 172 144 -0.648444
00000700 124 287 -0.65044
00000700 595 261 -0.734627
00000700 884 408 -0.756196
00000700 89 42 -0.792257
00000700 570 304 -0.810243
00000700 822 359 -0.855506
00000700 511 295 -0.880377
00000700 395 374 -0.880463
00000700 188 41 -0.920332
00000700 796 5 -0.96077
00000700 712 490 -0.960847
00000700 284 50 -0.969884
00000700 473 133 -0.985715
00000700 588 788 -0.998905
00000700 454 289 -1.01076
00000700 877 969 -1.01773
00000700 388 124 -1.03421
00000700 522 15 -1.03916
00000700 243 206 -1.04878
00000714 938 535 1.09291
00000714 921 493 0.349885
00000714 268 840 -0.857811
00000714 866 4 -0.999086
00000720 724 424 0.985222
00000720 715 300 0.895001
00000720 715 403 0.570024
00000720 876 596 -0.277517
00000720 886 395 -0.300736
00000720 886 83 -0.308328
00000720 585 5 -0.534466
00000720 964 427 -0.568904
00000720 822 114 -0.568978
00000720 856 408 -0.677063
00000720 861 645 -0.776398
00000720 887 377 -0.868531
00000720 881 201 -0.869578
00000720 694 349 -0.877077
00000720 636 892 -0.958941
00000720 960 381 -0.965381
00000720 968 64 -0.969557
00000720 570 205 -0.979028
00000720 912 324 -0.991112
00000723 36 147 1.00685
00000723 64 438 0.0887851
00000723 28 140 -0.0735915
00000723 175 381 -0.0860306
00000723 585 628 -0.170156
00000723 116 564 -0.17754
00000723 372 144 -0.212028
00000723 96 679 -0.248117
00000723 175 501 -0.280013
00000723 72 257 -0.33199
00000723 115 381 -0.357559
00000723 55 630 -0.398679
00000723 197 124 -0.469973
00000723 180 320 -0.482955
00000723 275 32 -0.503011
00000723 41 59 -0.509229
00000723 485 395 -0.540412
00000723 124 48 -0.556935
00000723 636 400 -0.652571
00000723 212 144 -0.665285
00000723 477 359 -0.701579
00000723 115 501 -0.742199
00000723 628 416 -0.753268
00000723 116 324 -0.757561
00000723 791 965 -0.757611
00000723 82 601 -0.77312
00000723 21 578 -0.781695
00000723 472 396 -0.789857
00000723 84 308 -0.795389
00000723 59 822 -0.799713
00000723 55 501 -0.811876
00000723 364 163 -0.838029
00000723 24 152 -0.840292
00000723 175 441 -0.895176
00000723 882 454 -0.911709
00000723 4 848 -0.913871
00000723 799 234 -0.915445
00000723 271 4 -0.933255
00000723 116 444 -0.938152
00000723 79 121 -0.983235
00000723 574 707 -1.00318
00000723 172 624 -1.00738
00000723 28 828 -1.01091
00000723 197 849 -1.03042
00000729 269 839 1.61344
00000729 601 951 1.10865
00000729 26 443 0.292043
00000729 252 836 -0.204967
00000729 158 381 -0.732426
00000729 913 218 -0.824325
00000729 174 469 -0.832114
00000729 167 433 -0.841714
00000729 4 445 -0.869152
00000734 500 460 0.92875
00000734 377 441 0.316274
00000734 587 643 0.0609763
00000734 487 576 0.00168787
00000734 496 519 -0.0315021
00000734 113 881 -0.129401
00000734 638 390 -0.129412
00000734 604 42 -0.164216
00000734 218 874 -0.227203
00000734 657 151 -0.246954
00000734 174 617 -0.269502
00000734 505 739 -0.275871
00000734 531 398 -0.296105
00000734 372 870 -0.303196
00000734 160 892 -0.33468
00000734 169 905 -0.359725
00000734 624 92 -0.389438
00000734 142 195 -0.435523
00000734 544 638 -0.446934
00000734 380 644 -0.469246
00000734 418 87 -0.502854
00000734 381 553 -0.536168
00000734 192 753 -0.552138
00000734 175 720 -0.560306
00000734 44 784 -0.563932
00000734 464 36 -0.616135
00000734 36 44 -0.616993
00000734 501 364 -0.646702
00000734 613 372 -0.680262
00000734 184 330 -0.68074
00000734 438 216 -0.70707
00000734 269 733 -0.723823
00000734 324 676 -0.725758
00000734 588 436 -0.725796
00000734 588 288 -0.746648
00000734 556 807 -0.756854
00000734 436 197 -0.762524
00000734 482 611 -0.76576
00000734 822 487 -0.772667
00000734 467 280 -0.787895
00000734 312 351 -0.794114
00000734 670 891 -0.797216
00000734 93 123 -0.797509
00000734 615 768 -0.801906
00000734 308 288 -0.820783
00000734 107 330 -0.822859
00000734 169 418 -0.844981
00000734 532 184 -0.869528
00000734 969 900 -0.87919
00000734 112 500 -0.888831
00000734 228 516 -0.901414
00000734 569 828 -0.91532
00000734 251 329 -0.916383
00000734 228 716 -0.939805
00000734 4 9 -0.958341
00000734 4 849 -0.972361
00000734 673 831 -0.97269
00000734 195 886 -0.972981
00000734 88 54 -1.01145
00000734 325 415 -1.01625
00000734 24 359 -1.01908
00000734 881 327 -1.0216
00000734 133 762 -1.03535
00000734 31 385 -1.03732
00000743 605 226 0.674693
00000743 100 124 0.250111
00000743 420 673 0.160304
00000743 965 348 -0.093158
00000743 337 849 -0.216432
00000743 473 147 -0.30572
00000743 664 381 -0.518304
00000743 790 362 -0.614696
00000743 332 844 -0.728635
00000743 540 120 -0.770317
00000743 47 232 -0.834099
00000743 468 768 -0.835145
00000743 438 680 -0.868504
00000743 692 440 -0.873797
00000743 444 292 -0.892391
00000743 100 264 -0.940563
00000743 908 300 -0.955171
00000743 355 372 -0.980319
00000743 659 343 -1.02602
00000750 694 162 1.92501
00000750 748 16 1.20503
00000750 836 292 -0.236204
00000750 541 743 -0.255549
00000750 506 744 -0.402944
00000750 743 743 -0.451406
00000750 482 229 -0.474056
00000750 728 100 -0.494053
00000750 565 741 -0.546506
00000750 748 40 -0.61404
00000750 617 744 -0.811615
00000750 321 744 -0.811892
00000750 758 234 -0.849766
00000750 114 748 -0.868811
00000750 770 744 -0.907211
00000750 675 744 -0.994073
00000750 453 744 -0.9966
00000750 36 758 -1.00914
00000750 874 4 -1.03557
00000750 394 741 -1.0417
00000761 690 398 0.742317
00000761 818 79 0.236889
00000761 412 64 0.0844159
00000761 634 849 -0.479018
00000761 460 224 -0.592967
00000761 753 739 -0.674449
00000761 418 19 -0.682203
00000761 941 712 -0.689338
00000761 813 50 -0.695957
00000761 752 700 -0.780143
00000761 753 654 -0.827923
00000761 712 395 -0.829596
00000761 696 406 -0.873912
00000761 896 150 -0.900406
00000761 758 630 -0.930846
00000761 870 300 -0.932071
00000761 684 860 -0.943994
00000761 930 690 -0.956825
00000761 964 771 -0.974794
00000761 891 5 -0.994927
00000761 638 828 -1.00429
00000761 807 796 -1.01507
00000761 948 392 -1.02757
00000761 923 147 -1.02815
00000761 684 453 -1.03713
00000765 918 234 1.82515
00000765 612 280 1.74383
00000765 556 467 1.34829
00000765 608 468 0.332812
00000765 458 493 0.181561
00000765 369 807 0.163038
00000765 955 234 -0.0260404
00000765 276 524 -0.0871866
00000765 484 454 -0.0910094
00000765 290 546 -0.103789
00000765 464 546 -0.12533
00000765 211 172 -0.336825
00000765 304 312 -0.40638
00000765 881 200 -0.486211
00000765 26 184 -0.536775
00000765 460 472 -0.565452
00000765 330 467 -0.580845
00000765 900 72 -0.624702
00000765 192 917 -0.635865
00000765 859 206 -0.679639
00000765 26 79 -0.698475
00000765 522 89 -0.729704
00000765 64 827 -0.754925
00000765 212 900 -0.767877
00000765 570 638 -0.777337
00000765 58 744 -0.783066
00000765 544 34 -0.834742
00000765 167 248 -0.83506
00000765 884 228 -0.840031
00000765 522 596 -0.864726
00000765 21 158 -0.868578
00000765 649 184 -0.884463
00000765 956 617 -0.892866
00000765 148 476 -0.909396
00000765 355 827 -0.927803
00000765 192 669 -0.951583
00000765 476 684 -0.957765
00000765 511 944 -0.964451
00000765 820 176 -0.975992
00000765 59 482 -0.976615
00000765 4 808 -1.00028
00000765 668 88 -1.02873
00000765 279 269 -1.02951
00000765 258 369 -1.03523
00000791 448 340 1.11948
00000791 501 295 0.309268
00000791 664 150 0.00539967
00000791 788 156 -0.171151
00000791 970 349 -0.339347
00000791 800 4 -0.528802
00000791 606 174 -0.551184
00000791 270 338 -0.672137
00000791 332 292 -0.678875
00000791 760 188 -0.696654
00000791 492 200 -0.821502
00000791 438 329 -0.872633
00000791 792 78 -0.968724
00000791 988 268 -1.0026
00000791 59 989 -1.0442
00000792 355 4 -0.501541
00000792 76 760 -0.700083
00000792 76 76 -0.79061
00000792 628 64 -1.00384
00000800 100 896 0.218943
00000800 4 4 -0.0310737
00000800 121 796 -0.0977703
00000800 998 836 -0.10531
00000800 133 951 -0.227086
00000800 891 758 -0.290584
00000800 220 980 -0.659523
00000800 905 4 -0.980686
00000800 197 739 -0.988399
00000800 113 270 -1.0107
00000800 948 712 -1.0119
00000800 172 648 -1.01539
00000800 300 900 -1.02314
00000804 707 570 0.81773
00000804 292 680 0.666191
00000804 813 491 0.220776
00000804 103 438 0.213682
00000804 158 917 0.165975
00000804 300 691 0.036891
00000804 204 784 -0.0672489
00000804 5 712 -0.112554
00000804 548 452 -0.316084
00000804 310 418 -0.339398
00000804 90 823 -0.389996
00000804 832 226 -0.47501
00000804 969 436 -0.487408
00000804 216 221 -0.499843
00000804 944 1002 -0.523122
00000804 279 221 -0.538422
00000804 576 492 -0.559962
00000804 528 937 -0.632208
00000804 156 952 -0.651961
00000804 347 523 -0.683824
00000804 326 877 -0.693059
00000804 211 906 -0.718358
00000804 300 848 -0.748557
00000804 649 248 -0.757104
00000804 487 979 -0.763161
00000804 664 454 -0.768818
00000804 123 502 -0.799048
00000804 940 979 -0.836104
00000804 32 220 -0.858722
00000804 1004 928 -0.922511
00000804 448 612 -0.924162
00000804 395 643 -0.929742
00000804 851 477 -0.931658
00000804 398 956 -0.947063
00000804 153 221 -0.963064
00000804 633 279 -0.9722
00000804 748 997 -1.02832
00000804 956 913 -1.02988
00000811 338 205 1.58538
00000811 160 160 1.10121
00000811 212 184 1.0356
00000811 372 240 0.973909
00000811 372 265 0.309357
00000811 261 441 0.29641
00000811 839 258 -0.326191
00000811 973 840 -0.415934
00000811 824 252 -0.472238
00000811 780 168 -0.635941
00000811 142 775 -0.79078
00000811 339 329 -0.816371
00000811 654 231 -0.879111
00000811 4 681 -0.9922
00000811 316 744 -0.997325
00000818 535 342 2.40725
00000818 55 505 -0.491854
00000818 68 696 -0.54977
00000818 767 351 -0.686902
00000818 116 576 -0.890603
00000818 997 128 -0.948805
00000818 476 428 -0.962346
00000818 748 192 -0.999199
00000818 877 202 -1.01262
00000818 554 337 -1.03192
00000819 87 96 1.90776
00000824 694 73 1.45314
00000824 950 615 1.07365
00000824 730 68 0.808922
00000824 804 156 0.805837
00000824 900 60 0.518756
00000824 840 326 0.450103
00000824 812 172 -0.455677
00000824 960 868 -0.719719
00000824 860 764 -0.749712
00000824 908 868 -0.881794
00000824 836 708 -0.884359
00000824 948 956 -0.937424
00000824 604 204 -0.945579
00000824 932 680 -0.98352
00000824 756 532 -1.01702
00000824 540 60 -1.02505
00000840 878 231 0.17778
00000840 868 156 -0.00934733
00000840 192 947 -0.0248868
00000840 972 252 -0.223795
00000840 716 384 -0.268991
00000840 884 140 -0.364006
00000840 180 776 -0.385298
00000840 801 347 -0.511402
00000840 613 437 -0.559407
00000840 758 557 -0.622661
00000840 408 674 -0.629372
00000840 980 552 -0.767785
00000840 981 608 -0.781528
00000840 708 484 -0.897692
00000840 279 775 -0.905785
00000840 22 831 -0.937514
00000840 407 728 -0.945816
00000840 625 507 -0.948279
00000840 372 264 -0.958369
00000840 913 853 -0.961792
00000840 989 728 -0.973945
00000840 276 616 -0.980736
00000840 849 362 -1.01715
00000840 476 912 -1.02831
00000840 362 831 -1.0293
00000840 347 797 -1.0374
00000840 615 625 -1.0449
00000840 407 960 -1.04649
00000842 300 500 -0.363387
00000842 477 339 -0.450986
00000842 604 437 -0.583807
00000842 344 578 -0.710613
00000842 625 457 -0.85889
00000842 564 343 -0.917499
00000842 708 476 -0.92209
00000842 501 358 -0.966553
00000842 660 316 -0.974044
00000842 516 344 -1.01131
00000856 133 822 0.930641
00000856 767 595 0.507436
00000856 786 464 0.102943
00000856 50 951 -0.206471
00000856 876 540 -0.236247
00000856 940 516 -0.468893
00000856 743 389 -0.584438
00000856 823 364 -0.595631
00000856 4 692 -0.688835
00000856 592 234 -0.752955
00000856 767 415 -0.774509
00000856 739 555 -0.779448
00000856 321 608 -0.787336
00000856 923 4 -0.803037
00000856 172 740 -0.829336
00000856 730 330 -0.879981
00000856 938 261 -0.891957
00000856 913 270 -0.930425
00000856 349 169 -0.943903
00000856 724 364 -1.02768
00000856 372 930 -1.03158
00000856 580 212 -1.03502
00000856 818 986 -1.03862
00000856 172 778 -1.04494
00000874 271 491 2.06879
00000874 844 428 1.001
00000874 840 326 0.941679
00000874 884 388 0.921696
00000874 818 441 0.513858
00000874 849 438 0.383922
00000874 861 714 0.232263
00000874 700 84 0.0660928
00000874 261 827 -0.158139
00000874 684 901 -0.170502
00000874 516 68 -0.269441
00000874 32 702 -0.307771
00000874 492 504 -0.3321
00000874 792 940 -0.435128
00000874 210 943 -0.44906
00000874 271 179 -0.499643
00000874 930 715 -0.610093
00000874 990 244 -0.633537
00000874 228 428 -0.659541
00000874 920 763 -0.701458
00000874 892 1000 -0.718249
00000874 765 411 -0.767801
00000874 956 200 -0.793951
00000874 601 666 -0.833282
00000874 578 613 -0.88123
00000874 280 744 -0.891477
00000874 694 487 -0.917794
00000874 26 934 -0.93325
00000874 220 412 -0.941287
00000874 14 384 -0.94384
00000874 300 765 -0.951903
00000874 596 112 -0.953949
00000874 227 758 -0.95406
00000874 544 428 -0.989537
00000874 947 415 -0.995719
00000874 941 937 -1.0034
00000874 218 694 -1.0074
00000874 72 861 -1.03561
00000876 860 976 0.174242
00000876 758 960 -0.175115
00000876 780 936 -0.527234
00000876 844 964 -0.615087
00000876 988 944 -0.720708
00000880 588 20 2.29794
00000880 50 266 0.398088
00000880 784 488 0.376427
00000880 585 487 0.0916794
00000880 395 622 -0.220373
00000880 81 141 -0.272747
00000880 921 107 -0.282204
00000880 329 4 -0.289119
00000880 940 822 -0.346066
00000880 279 670 -0.385819
00000880 445 684 -0.44601
00000880 976 332 -0.454655
00000880 268 612 -0.466749
00000880 638 561 -0.47549
00000880 733 490 -0.523646
00000880 509 317 -0.549074
00000880 22 675 -0.568008
00000880 980 580 -0.582342
00000880 179 969 -0.600333
00000880 948 504 -0.609939
00000880 179 932 -0.642409
00000880 831 987 -0.642444
00000880 5 121 -0.660336
00000880 280 891 -0.665131
00000880 981 797 -0.693333
00000880 910 817 -0.720167
00000880 668 4 -0.730525
00000880 324 748 -0.736323
00000880 891 329 -0.745968
00000880 700 328 -0.764797
00000880 733 590 -0.796998
00000880 428 797 -0.800355
00000880 192 235 -0.806059
00000880 969 229 -0.817847
00000880 772 464 -0.854762
00000880 90 810 -0.882756
00000880 248 258 -0.957138
00000880 715 475 -0.975164
00000880 482 748 -0.986029
00000880 583 712 -0.986212
00000880 468 248 -0.995637
00000880 279 321 -0.99603
00000880 934 675 -0.999518
00000880 347 780 -1.00768
00000880 948 724 -1.01348
00000880 201 445 -1.01412
00000880 647 248 -1.01774
00000880 979 999 -1.03344
00000880 47 886 -1.03396
00000880 372 604 -1.03908
00000880 763 950 -1.04394
00000900 707 68 -0.015398
00000900 180 28 -0.117522
00000900 535 60 -0.398355
00000900 252 156 -0.468512
00000900 349 113 -0.63553
00000900 174 47 -0.757935
00000900 156 132 -0.888373
00000900 54 118 -0.922337
00000923 787 881 0.434588
00000923 762 877 -0.150987
00000923 733 870 -0.171992
00000923 4 162 -0.389697
00000923 775 865 -0.392583
00000923 413 105 -0.438604
00000923 647 364 -0.586139
00000937 476 348 -0.202983
00000937 596 828 -0.211205
00000937 848 304 -0.240349
00000937 930 24 -0.413121
00000937 298 339 -0.605914
00000937 316 385 -0.728394
00000937 588 764 -0.749606
00000937 343 443 -0.757078
00000937 923 169 -0.769585
00000937 693 546 -0.792226
00000937 932 335 -0.805656
00000937 304 441 -0.843212
00000937 604 445 -0.877327
00000937 73 280 -0.904283
00000937 160 951 -0.913071
00000937 924 668 -0.923718
00000937 132 660 -0.936207
00000937 852 636 -0.940891
00000937 108 940 -0.943608
00000937 596 775 -0.961611
00000937 162 999 -1.00165
00000937 877 408 -1.02955
00000937 496 580 -1.03245
00000937 180 620 -1.03577
00000947 758 278 2.31805
00000947 477 822 1.82976
00000947 675 666 -0.57702
00000947 748 300 -0.869812
00000947 767 252 -0.950269
00000957 68 133 1.00867
00000957 292 32 0.574308
00000957 891 192 -0.0854291
00000957 184 338 -0.432143
00000957 298 55 -0.616772
00000957 707 64 -0.617213
00000957 436 80 -0.725571
00000957 886 68 -0.749397
00000957 148 284 -0.831576
00000957 284 15 -0.930533
00000975 260 100 0.425268
00000975 820 372 -0.505069
00000975 398 278 -0.588753
00000975 566 329 -0.642848
00000975 415 252 -0.690253
00000975 617 68 -0.705852
00000975 484 156 -0.757222
00000975 79 216 -0.871847
00000975 436 225 -0.913651
00000979 464 932 -0.243676
00000979 940 132 -0.610789
00000979 793 973 -0.65173
00000979 508 268 -0.961899
00000985 188 100 0.028898
00000985 433 613 -0.403076
00000985 418 743 -0.671836
00000985 412 552 -0.721844
00000985 638 206 -0.791548
00000985 364 501 -0.864346
00000985 270 231 -0.882174
00000985 588 372 -0.892813
00000985 804 367 -0.90321
00000985 677 664 -0.911186
00000985 47 860 -0.920893
00000985 390 574 -0.923966
00000985 340 308 -0.986906
00000985 438 763 -1.04408
00000990 659 684 1.78852
00000990 176 52 1.26548
00000990 22 813 -0.293565
00000990 4 950 -0.40098
00000990 123 842 -0.571783
00000990 105 41 -0.93947
00000990 142 142 -1.04763
00000993 104 132 0.923325
00000993 896 960 -0.0916857
00000993 263 47 -0.165215
00000993 260 34 -0.775552
00000993 310 64 -0.988844
00001000 325 369 0.8203
00001000 236 612 0.0594411
00001000 261 450 -0.278494
00001000 175 617 -0.922602
00001000 137 469 -0.959983
00001020 64 541 1.08618
00001020 861 801 -0.637807
00001020 292 220 -0.840723
00001020 750 475 -0.918351
00001020 304 244 -0.954908
00001020 775 36 -1.04649
00001030 524 212 1.64517
00001030 700 28 1.46029
00001030 355 407 1.18358
00001030 260 477 -0.03734
00001030 690 81 -0.0637574
00001030 105 514 -0.072548
00001030 412 320 -0.0812572
00001030 501 424 -0.132863
00001030 197 298 -0.336858
00001030 572 4 -0.340455
00001030 172 572 -0.5034
00001030 192 553 -0.564097
00001030 321 216 -0.614771
00001030 324 516 -0.645283
00001030 280 459 -0.648702
00001030 364 471 -0.659091
00001030 408 137 -0.721391
00001030 652 636 -0.830715
00001030 332 8 -0.840625
00001030 511 438 -0.876224
00001030 348 492 -0.905735
00001030 511 226 -0.95122
00001030 448 379 -0.965718
00001030 14 521 -1.03252
00001030 364 490 -1.03678
00001035 980 604 1.61839
00001035 701 580 -0.513683
00001035 723 211 -0.561787
00001035 775 360 -0.727788
00001035 940 692 -0.788204
00001035 810 120 -0.954857
00001053 398 142 -0.0923661
00001053 536 822 -0.746803
00001053 527 295 -0.941662
00001062 565 41 -0.171123
00001063 638 758 0.076202
00001063 583 767 -0.32962
00001063 225 748 -0.381824
00001063 673 793 -0.472203
00001063 445 739 -0.599663
00001063 252 733 -0.602461
00001063 492 860 -0.7021
00001063 840 287 -0.717687
00001063 535 690 -0.735933
00001063 226 832 -0.736386
00001063 484 628 -0.800291
00001063 347 660 -0.84682
00001063 289 808 -0.859143
00001063 1007 72 -0.917919
00001063 724 500 -0.928871
00001063 754 5 -0.991072
00001063 276 756 -1.00935
00001099 902 390 1.10649
00001099 892 384 0.153723
00001099 813 891 -0.174479
00001099 810 261 -0.395354
00001099 680 188 -0.419791
00001099 949 744 -0.521034
00001099 868 180 -0.67716
00001099 792 389 -0.751821
00001099 818 279 -0.774963
00001099 859 477 -0.890546
00001107 692 612 0.507502
00001107 238 978 -0.282611
00001107 311 775 -0.511993
00001107 312 801 -0.829483
00001107 827 509 -0.896292
00001107 532 20 -0.905441
00001107 292 996 -1.03498
00001113 881 162 0.0419541
00001113 34 196 -0.302685
00001113 828 179 -0.364513
00001113 28 268 -0.580916
00001113 849 934 -0.830501
00001113 788 28 -0.840483
00001113 338 4 -0.843226
00001113 487 54 -0.87144
00001113 793 81 -0.939102
00001113 287 4 -1.00317
00001113 831 87 -1.00959
00001113 956 716 -1.04783
00001125 496 732 1.44915
00001125 506 733 -0.562271
00001125 204 572 -0.592739
00001125 290 5 -0.613376
00001125 115 248 -0.695161
00001125 300 140 -0.739887
00001125 940 60 -0.839505
00001125 241 142 -0.9499
00001125 338 55 -0.992445
00001125 216 411 -1.00505
00001125 870 587 -1.00686
00001127 502 979 0.250935
00001127 496 279 -0.202262
00001127 140 304 -0.508342
00001127 748 796 -0.836937
00001127 721 941 -0.869717
00001127 546 969 -0.883446
00001127 580 140 -0.943124
00001127 244 896 -0.982503
00001127 83 566 -1.03939
00001127 500 964 -1.04906
00001130 546 265 0.561679
00001130 215 436 -0.250705
00001130 220 204 -0.568778
00001130 533 205 -0.751424
00001130 680 385 -0.825032
00001130 561 325 -0.830361
00001130 668 420 -1.02434
00001130 332 395 -1.03244
00001131 733 540 0.349033
00001131 756 464 0.12694
00001131 907 490 -0.163792
00001131 837 418 -0.332276
00001131 868 555 -0.795469
00001131 765 469 -0.83907
00001131 895 385 -1.04715
00001134 39 369 -0.463407
00001134 532 476 -0.581189
00001134 205 485 -0.658653
00001134 108 432 -0.67534
00001134 294 197 -0.816294
00001134 304 330 -0.856546
00001142 182 536 0.769361
00001142 24 526 -0.370326
00001142 300 360 -0.602131
00001142 38 673 -0.823085
00001142 179 174 -0.880799
00001142 284 604 -1.02406
00001142 38 510 -1.02528
00001160 304 500 0.623452
00001160 280 536 0.171366
00001160 236 316 0.158259
00001160 565 307 -0.338488
00001160 241 290 -0.519865
00001160 88 546 -0.526425
00001160 500 472 -0.561318
00001160 517 172 -0.579639
00001160 454 528 -0.701024
00001160 572 232 -0.72797
00001160 231 359 -0.740074
00001160 278 475 -0.850894
00001160 340 340 -0.995306
00001160 192 793 -1.0055
00001160 311 511 -1.03571
00001163 104 924 0.246538
00001163 325 930 0.203891
00001163 59 987 -0.206278
00001163 516 636 -0.256015
00001163 260 488 -0.779663
00001163 78 910 -0.786042
00001163 58 480 -0.790985
00001163 252 801 -0.903482
00001163 12 980 -0.914103
00001163 243 937 -0.996024
00001163 218 493 -1.0086
00001163 356 780 -1.01371
00001163 141 878 -1.02503
00001163 343 839 -1.03743
00001163 49 635 -1.04106
00001165 390 947 -0.241751
00001165 226 979 -0.584453
00001165 613 857 -0.814306
00001165 167 673 -0.824032
00001165 76 568 -0.907635
00001165 684 1006 -0.950223
00001168 664 840 0.588587
00001168 5 226 -0.108643
00001168 201 613 -0.58726
00001168 76 544 -0.619769
00001188 718 477 0.385635
00001188 970 630 0.133426
00001188 475 960 -0.167118
00001188 324 524 -0.236908
00001188 960 649 -0.266519
00001188 528 445 -0.444646
00001188 492 448 -0.49413
00001188 73 528 -0.601862
00001188 741 355 -0.737866
00001188 137 702 -0.738027
00001188 469 379 -0.760717
00001188 324 648 -0.776627
00001188 561 981 -0.785542
00001188 870 844 -0.809518
00001188 673 527 -0.824172
00001188 220 564 -0.837862
00001188 475 261 -0.842499
00001188 359 443 -0.861406
00001188 532 612 -0.862179
00001188 324 684 -0.873349
00001188 372 492 -0.873928
00001188 300 492 -0.925851
00001188 638 758 -0.935938
00001188 497 334 -0.936146
00001188 724 456 -0.949848
00001188 788 484 -0.966619
00001188 694 758 -0.968354
00001188 234 693 -0.976756
00001188 868 964 -0.978431
00001188 561 282 -0.985514
00001188 504 252 -1.00202
00001188 684 404 -1.03357
00001188 612 524 -1.04209
00001191 765 818 0.152074
00001191 870 938 -0.761513
00001191 268 972 -0.863951
00001191 818 701 -0.936138
00001191 740 644 -0.949606
00001235 564 144 0.402891
00001235 559 828 0.00461852
00001235 487 300 -0.237919
00001235 148 52 -0.365443
00001235 620 228 -0.374038
00001235 258 818 -0.489835
00001235 348 908 -0.568329
00001235 984 802 -0.570845
00001235 784 908 -0.818778
00001235 724 636 -0.918982
00001235 544 132 -0.954058
00001235 754 5 -0.965408
00001235 804 232 -1.00568
00001242 807 121 0.133669
00001242 137 372 -0.353021
00001242 47 613 -0.532438
00001242 775 951 -0.57726
00001242 28 652 -0.735369
00001242 820 248 -0.782602
00001242 691 205 -0.796784
00001242 172 349 -0.840699
00001242 613 25 -0.846841
00001242 934 237 -0.867459
00001242 636 404 -0.878667
00001242 617 153 -0.897835
00001242 741 372 -0.942472
00001242 4 448 -0.992049
00001242 693 169 -1.00629
00001242 124 572 -1.03532
00001242 760 852 -1.03655
00001246 29 438 0.572393
00001246 68 418 -0.04208
00001246 42 575 -0.391718
00001246 60 468 -0.727487
00001246 58 480 -0.860917
00001246 546 941 -0.946088
00001255 836 328 0.921052
00001255 396 284 -0.933759
00001256 202 537 1.57852
00001256 526 512 0.308917
00001256 140 736 0.181708
00001256 580 516 -0.292783
00001256 340 484 -0.422125
00001256 132 4 -0.64714
00001256 295 698 -0.677368
00001256 4 4 -0.730171
00001256 295 467 -0.740563
00001256 38 4 -0.747899
00001256 22 689 -0.77833
00001256 52 902 -0.858776
00001256 265 162 -0.951064
00001256 64 201 -0.978677
00001256 4 84 -0.979448
00001270 364 965 0.398121
00001270 244 848 0.325746
00001270 454 287 0.304579
00001270 611 105 0.0917738
00001270 728 237 -0.0815953
00001270 836 403 -0.178783
00001270 629 840 -0.205917
00001270 587 934 -0.490872
00001270 148 396 -0.568803
00001270 828 358 -0.578029
00001270 638 923 -0.619273
00001270 944 269 -0.624339
00001270 635 54 -0.705906
00001270 279 110 -0.726638
00001270 347 750 -0.810004
00001270 728 300 -0.864028
00001270 636 828 -0.867117
00001270 364 791 -0.868365
00001270 428 772 -0.870823
00001270 546 979 -0.8887
00001270 794 312 -0.97167
00001270 964 228 -0.973773
00001270 364 324 -0.995939
00001271 464 4 -0.471767
00001271 844 4 -0.609975
00001271 102 998 -0.75277
00001271 707 244 -0.757671
00001271 105 537 -0.780261
00001271 930 4 -0.792794
00001271 100 564 -0.810159
00001271 721 436 -0.877444
00001271 105 818 -0.91189
00001271 878 210 -0.914629
00001271 647 4 -0.917128
00001271 98 664 -0.968595
00001271 276 300 -0.981601
00001271 574 689 -0.98906
00001271 244 990 -1.00392
00001271 601 932 -1.00864
00001271 100 448 -1.0389
00001271 923 84 -1.04552
00001271 940 748 -1.04812
